X1,X2,X3,X4,X5,X6,X7,X8,X9,X10,X11,X12,X13,X14,X15,X16,X17,X18,X19,X20,X21,X22,X23,X24,X25,X26,X27,X28,X29,X30,X31,X32,X33,X34,X35,X36,X37,X38,X39,X40,X41,X42,X43,X44,X45,X46,X47,X48,X49,X50,X51,X52,X53,Y
-0.082041485857134,-0.5627831296314172,-0.922784093284981,-0.3789584025837964,0.06245872297717203,-0.04061586215294799,-0.47271454610520813,-0.06513544866607102,0.047026188847928196,-0.03595356871096933,0.13046366624485994,0.24124375258555397,-0.07783615348896356,-0.0620180175493279,-0.06430690391149152,-0.019612177484761628,-0.1127052706610091,-0.38517252461171725,0.038501596327215726,0.20023692157836592,-0.039824982356722605,-0.0939441850042414,0.24836530163348813,-0.34690663378992703,-0.2210364648577452,0.008013686670528708,-0.2543037800664646,-0.1088200378398333,-0.10696358615366208,-0.18570352823279446,-0.06060362520721696,0.17896546706597394,-0.21323411723355,0.0038956289838236735,0.052205586643862434,0.02426932659683856,-0.2132500729333735,0.08844304040274875,-0.15266580371562866,-0.13394852046013694,-0.16941747891207548,0.13793947024071462,-0.05986280962988877,-0.005594631209707601,0.22011621011989324,-0.09806655562675781,-0.2316171651713489,0.0006953755631475822,-0.2841648585067936,-0.1439827160360717,-0.3006206389588978,-0.051746995792624206,-0.4582289072969049,-0.9703135384723016
-0.03488760144224001,-0.6696525595135786,-0.8448878705681144,-0.33448774265154724,0.007502857351742165,-0.08980677756855437,-0.5335428655349121,-0.19222482744016356,0.03030222484856937,0.04508132758238448,-0.03181147124778305,-0.2363431761533138,-0.27309420054606115,-0.06696356221389732,-0.13420061025859686,-0.12796007513580288,-0.0023734958235500647,-0.13913370325378804,0.010614995937517469,-0.21200555445205205,0.15860080657636755,0.16558856930191834,-0.0015079793280451392,-0.0860764302975976,-0.2931078683706885,0.1382226846569634,-0.017368490474046427,-0.13824734854909715,-0.006462003317712184,-0.2068390920161799,0.08645133207086464,-0.021607889118933965,-0.0602714980209591,0.14657685155616673,0.1178711829462411,0.08504219394336521,-0.05045439641955474,0.08015071690882714,-0.02666110552004497,-0.129824994980841,-0.3094672388647961,-0.09899817035722303,-0.04422891979990484,-0.10080269511911089,0.03175409563370146,-0.36872108366187273,-0.24838394991094792,0.10630442032509935,0.1599848368182557,-0.34575595110317003,-0.025858596086150043,0.03458242727484073,0.03964032508857862,-0.9714522698243899
-0.04922063312441205,-0.7672852178816287,-0.749920430772742,-0.28275048614073417,-0.08053117673924037,-0.035389869294730314,-0.522485581402655,-0.21230617295113474,-0.0767507927635046,-0.0718311992434959,-0.06093612819901062,-0.03616619065393367,0.20563301959731972,0.1369812255239582,-0.12818325789824736,0.1091243843760179,0.07627896376774745,-0.11074266007249467,-0.009258761478715072,-0.10608571263075872,-0.24902054658086448,0.04107615234515127,-0.24232617986529992,-0.06367293868020696,0.010275605135876109,0.09551056887366949,-0.026339784302445213,-0.05625964505852665,-0.09394476004686436,0.08191449949486596,0.12121912193237172,-0.20659082084936986,-0.0344926701078444,0.06722620607845453,-0.13807561654367417,0.09905855961314125,0.11563168575779081,-0.14797210612232314,0.06252524367200496,0.0246285164794231,-0.19827391302553365,-0.06557893021320671,-0.20612326731344832,0.020239821067437713,-0.20361751098141034,-0.18356160162632795,0.09650046352345898,-0.35675361765349056,-0.03775341371072782,-0.3036023575658716,-0.23942752838506132,-0.15090921060033702,0.05932808391783917,-0.9861150268862733
-0.12529708485895286,-0.8406917503162052,-0.6539293352585323,-0.21957675598634618,-0.06261798978929511,0.04668842965443054,-0.45746310958986425,-0.08525341705573874,-0.13499491998466118,0.06277022952909306,0.06454429062682143,0.10448352345314182,-0.06910475981757624,-0.30981578552152633,-0.004708887029588826,-0.11035465768469155,-0.1266044431748643,-0.041231940683305934,-0.10858254518679844,0.2214950705464518,-0.10683283708083524,-0.09193854835866688,-0.25295134427450505,-0.3578025658374523,-0.05173121398864777,-0.07281915934820127,-0.2140530983453841,0.1223923085595009,-0.0272896265125554,0.2225697309706962,0.013369605651611938,-0.07278448972211571,-0.13152869079397556,-0.04455985611589208,-0.4401622534016201,-0.09085490045406963,0.11925390909803668,-0.10378390163159579,0.12180928108736655,-0.08677279901239532,-0.034117104603494375,0.1564388821339806,-0.07918442379578217,0.011568464408162837,-0.30751734353301274,-0.06794741939689564,-0.2090074892295306,0.18805595626189575,-0.30268373154751205,-0.2902247047941561,-0.20540255820371034,-0.2357482157234574,-0.37647690177535376,-0.9493333718048773
-0.2803323593818927,-0.8387810321320244,-0.5744533955878288,-0.1831462151070422,0.012124887201609313,0.02372408391642611,-0.26961340445675974,0.061869395852743425,0.028736539926627724,-0.03602478968915612,-0.12501569913529909,-0.0681964064016709,-0.2550870120315206,0.19781806983614536,-0.13634097221248598,-0.18565204176545458,-0.35170910242359166,-0.15330584680674597,-0.04105357205798388,-0.10518099185011232,-0.05047414315642251,0.09086818563583132,-0.11584985619087296,-0.39860919695349784,-0.2618939637460279,-0.3495875061969361,-0.15568295245896369,-0.09645724847491444,0.09848017478389481,0.0614967924211689,-0.16421663073769288,0.009832906382470252,-0.34586697467811434,0.07902989495979584,-0.6242705759042022,-0.05080923779917379,-0.017673400686197938,0.021003877920498404,-0.03322963801703205,-0.3321586634590987,0.08022985460529264,-0.07810382964565288,0.011461769140099554,-0.10963291214755655,-0.2057684213188795,-0.19828652402917823,-0.05321725146284173,-0.12965644757217565,0.3630497875272798,-0.20324189041490748,0.13837630200175943,-0.25385900424148167,0.19795007592363612,-0.7602668133328405
-0.3906953114295396,-0.8033712710068966,-0.564302744327323,-0.12091616498657443,0.04693980460690428,-0.011587160852864598,-0.2487953176564488,0.01489199598208546,0.07316833079703589,-0.042310826252989875,0.19815140832277467,-0.1791973069289542,0.2011090366317736,-0.08155099058574944,-0.23771664313988872,0.0608799205228161,0.023981146221011995,-0.3760011198795896,0.07614093357763707,-0.030338058866777762,-0.07061964054579961,0.11830506829361287,-0.04905991620522421,-0.0870754325328873,-0.20507831296805035,-0.384688486084374,0.0344566282319696,-0.050278672442581995,-0.084397152079425,-0.21666935245813146,-0.10134157033178826,-0.11861018361818954,-0.31604072649685544,-0.10104047949780581,-0.311209144920533,-0.0472895946311761,-0.1603883784680996,-0.10092968343242081,-0.41114287123952487,-0.2018619850010639,0.0740871257445539,-0.11898684479384847,-0.1965823211069504,-0.13238078687756138,-0.06320843917209029,0.04612327034542174,0.05705610303574438,-0.30547147438650446,-0.18902712912477315,0.13128979977227684,-0.25786538039814977,-0.2244778215893134,-0.23765747866949194,-0.8137962777595411
-0.5065390897479782,-0.6908986955758596,-0.5815239940312047,-0.10786394531360977,0.02770784807954718,-0.10690535295810322,-0.14315373159255163,-0.053360050019790606,0.16284968362385355,0.09984489012978082,-0.29167007227819375,0.1917924923879939,-0.10946458806821724,-0.16757365174920147,0.0457797587523987,-0.010081157648077821,0.05362424211921479,0.04671453208423659,-0.047551176415573715,0.020987839981468248,-0.0008910543162442552,0.08678272382857588,-0.05100020369765923,-0.1355862136508783,0.1190008728452101,-0.10684466741569043,0.1466739513906421,0.09108295990707238,-0.09604061878223547,0.010347489117634945,0.28022840634223467,-0.08538663653763678,-0.2341806533355143,-0.1596631237375653,-0.038646388437913015,-0.11529859706917645,-0.33344606707208824,-0.296573419395599,-0.41727842725731834,-0.46342317666399857,-0.06483167259101119,0.14648615886323735,-0.06546357666517999,-0.2417474655781766,0.2621889699843969,-0.21336694439207182,0.39183721143094385,0.5583790086783096,-0.18807502493633055,-0.18143345645494235,-0.13336199632234025,-0.16864025323459386,-0.17043777083180622,-0.38569890180210864
-0.5591452998148504,-0.5411706457750893,-0.6684638708988704,-0.08957228790910521,-0.12167751653658077,-0.047734270393013256,-0.1520918883879887,-0.2573390229465816,-0.16962878384058455,-0.23793777797736082,0.4365068075277796,-0.2560633999030234,-0.06130303447670238,0.12637382120363894,0.08660608696609873,-0.032679753361254726,-0.051213488453960454,0.023058531084407807,-0.01320542300860239,-0.28263178224363905,-0.03210691952396416,-0.4559899300495186,-0.0006009134479113554,-0.05113940829557018,-0.1753554382286766,-0.07325200833528533,-0.21772084069819297,0.06345200928045647,0.28315569622675785,-0.07445226962919793,0.3124462256192557,0.11924863370167471,-0.07249095009359963,-0.21425445051516168,-0.14899887994532202,0.1835389508085732,-0.16819019473947006,0.11707369086318042,-0.23587028909426,-0.4270030123540106,-0.3654121633749783,-0.01570496937739685,0.029836778456760582,-0.021635596090447407,0.3751411040431598,-0.432415750315026,0.2444136014410967,-0.19103395091987851,0.2648066174466961,-0.2969336406828662,-0.1638488724499495,-0.17513013898040364,-0.007585572818223585,-0.9249500545156272
-0.48937416783321297,-0.419957412128096,-0.7794643219670134,-0.06300157125712458,-0.09670818221404576,0.08617119317953614,-0.33033181648553955,-0.134197572222032,-0.3534737980199233,0.326502086731298,-0.41394102258124066,-0.04675860675306709,0.0961661635161164,-0.12051919518048615,-0.2143999230017123,-0.11762965664683123,0.07793279248224594,-0.3469300086085588,-0.09460843188410373,0.12975020049968866,-0.36117156667388417,0.0007130677799900287,0.06292959622046368,-0.030447881726531678,-0.5829164709724233,0.13709531125494911,-0.18666056760249794,-0.01960538856343419,0.12695648123406733,-0.027419137592870624,0.2778604497780699,-0.13741182263307794,-0.1326403887402402,-0.3057939635868492,-0.211935860441412,-0.28077304050567553,0.0034048373121169373,-0.1886042800445823,-0.1867849050429916,-0.02815281418979798,-0.4041427744682389,-0.24162162803903275,-0.27951498047789614,-0.1346903715133685,0.11284298503924783,-0.13530796454183136,0.24753174471347927,-0.07215770226791862,-0.36023610489784774,-0.3254958076931207,-0.5663387260502586,-0.42297742341804745,0.017959740150517822,-0.896357265202864
-0.4304370976907831,-0.2857736918593172,-0.859155655540874,-0.08794909355932723,0.04474175304262795,0.08550136821354903,-0.33464013202157017,0.18428445525905746,-0.0953378850652511,-0.35526932029028735,0.02234126058844854,0.31631102862830196,-0.25327613201305976,-0.04750376413225599,-0.2550298465305043,-0.038854461919487715,-0.2308190584692048,0.022146459566021015,0.0327972072843703,0.21111898452985467,0.10923782367238677,0.3474352914008818,0.04236864704855714,-0.0905497330589885,0.038492019125702326,0.09704879693088819,-0.22227776942680577,-0.15038989550032555,-0.35293799586723296,-0.049225444182566025,-0.14621838095657003,-0.21402511260210644,-0.10129035100797379,-0.04154618177694769,-0.30273602108010356,-0.31216723106023336,0.23281257781514064,-0.01157114633335854,0.02610577547242121,0.013060861195839157,-0.09890110862734769,0.1527179778959078,-0.17493930082421527,-0.14847024444670343,-0.29248311805730187,-0.16843568348412208,0.1178363564955347,0.29377303591737935,0.034883481489697665,-0.3404976638464148,-0.09250397001385446,-0.7392185016574094,-0.2238662956958667,-0.7439783305075853
-0.26689750124511635,-0.263705702091491,-0.9144950739233926,-0.07580932355615477,0.14301964555052038,-0.004529248304968703,-0.348138684488712,0.18230887314877342,0.18891447883229118,0.30778915984471067,0.31017275794705723,-0.37371329660926866,-0.10311096113754792,0.01418715759534539,-0.008742040238744031,0.08215724741739483,-0.1790669403341265,-0.24157051663151152,-0.10856437645970785,-0.3297678038779116,-0.0525964122847119,0.022779706004796507,-0.11467701236519945,-0.3044143376379438,0.19385145714582097,0.0681017832823585,-0.17043851995035175,0.07109365162361847,-0.021262119895256504,-0.15948124984017675,-0.3528506685074557,0.06636891739929496,-0.018331507732890606,-0.15671061357589555,-0.19428019759268422,0.08576602139313416,0.2776160372471588,0.1336009917480825,-0.0878604028716734,-0.20418383536877294,0.2148720843911709,-0.07844927376659228,0.089315573604974,-0.21962444988213525,-0.5217614592954819,-0.020341317337321807,0.5417429172817116,-0.22110315313668671,0.07111035674765964,-0.004142448709919755,0.17262991981364317,-0.26148646274128784,-0.496566729334855,-0.9116457513877918
-0.10100513206225348,-0.29966683955415496,-0.9322641671821221,-0.07598921541895454,0.0574152564111885,-0.13254634499659645,-0.2509035091801014,-0.16275698701097197,0.21750718509453826,-0.25121110712141326,-0.47368186780213384,-0.03868420889360813,0.27258244710877433,-0.05669604254808425,0.06793458015060283,-0.12099495825309814,0.13770266459277103,-0.2270442697766606,0.15209258483383015,0.0748429425914805,-0.21252341207045577,-0.19572430420182885,-0.10911889230052763,-0.32216806212119764,-0.22712922202724173,-0.1868532170943764,-0.012416176307394888,-0.33932514766913635,0.3398516814164054,0.02569156223691893,-0.17187626497316233,0.15431634069230227,-0.21766251660063307,0.02904854304290061,-0.04134950433664142,0.12108114264950776,-0.06899701968466576,0.02969894100638082,-0.2964560511433262,-0.06942240803645772,0.2513291606265087,-0.11847990758980886,-0.17341082394815277,0.02096993452086604,-0.3292756671531526,0.24658581264375967,-0.003014551242668584,0.045365525596898326,-0.26167964118028364,0.30308680554358713,-0.03453800558223563,-0.18136117894980264,0.1486757738320834,-0.9665546578203196
0.05802240975533146,-0.42500867991278957,-0.8985646319942439,-0.06492093903729779,-0.09235513200414625,-0.1437304632563341,-0.18762378198291751,-0.3122539160168768,-0.13143032073995375,0.119667082211111,0.46885083377988557,0.305963248251375,-0.1757649454596596,-0.06102379230622468,-0.1512865660026077,-0.18882371947293786,0.04050395171953758,0.059000255124341816,-0.20658095985686875,0.028647589166470366,0.11106157650322412,-0.024866575355396048,-0.07539555305833545,-0.007733225939439037,-0.36375286853812816,-0.3026730274374849,-0.07790683048164015,-0.24502235921193338,-0.1448162024558477,0.16701014620188914,0.22061029368133855,-0.13894690047392,-0.39133047922707653,-0.08237136294488545,0.10649495009510423,-0.16230598747393898,-0.3022342804507452,0.11972495969604235,-0.2589338049474661,-0.04959523785386255,-0.029850514289062158,0.25451602044820376,-0.11505733235182636,-0.07545177121285196,0.19775193005276015,-0.12157145529853675,-0.20386207559009062,0.3142065053019121,0.044972156933748675,0.18769801778475048,0.1846672380705663,-0.01657537218984695,-0.4286210963216024,-0.9653649384972423
0.09391715156847513,-0.5511167154407994,-0.8174843146247278,-0.09138643180111905,-0.18855346167956144,-0.029217455678584914,-0.08783232577051325,-0.08468107293811333,-0.22292576422818122,-0.0152413301013814,-0.3308868597301827,-0.4004559679054509,-0.27659750719106657,-0.014456353557840806,-0.274137538754342,0.032569492878795625,-0.3287044215446724,-0.07033497986396042,0.012304362340445074,-0.15578660953733547,-0.3537630979647257,0.04636879612064582,0.02387458412236243,-0.07392876136501858,0.1916452546340095,-0.1956152264292197,-0.22453970234940113,0.1407946113379981,-0.3061652808856594,-0.14851231503915618,0.2430192143263452,0.08251796478800699,-0.2428605899893107,0.020469246931802187,-0.14797089553751852,0.1833255398032696,-0.09600612713197754,0.16121793137658758,-0.034520526494067005,-0.09269853468105838,-0.2758797174567189,-0.13489329980882747,0.05475540561506542,-0.09412181119799079,0.40462081023545804,-0.39861661706106,-0.0759528305132765,-0.3319944543159603,-0.10690996112599616,-0.09240830666458588,-0.006732374120858142,0.06444424224929457,-0.2711572296194551,-0.960582345869589
0.07020051654813364,-0.6957508975006412,-0.7273670016136657,-0.09852449944443309,-0.10335214129375547,0.13928558948973202,-0.11792755262283561,0.18334660288444837,-0.13828306748582841,-0.06170356596006821,0.05167578621609503,0.15086063194881483,0.30198468787999433,0.058826468949384925,-0.028686284026343767,0.16643081299491258,-0.058523578099411,-0.4693418934654441,0.014988692902019762,0.2734897665881266,0.0430327476353316,0.11290471784991696,0.11814291867767501,-0.3804533140765999,-0.04630856909472414,0.06576113184744914,-0.24657027642900609,0.13385223236208188,0.22739838861119854,-0.2756393920199969,0.1754163869073342,-0.001486924255820976,0.0711068272442601,0.16579075121661058,-0.29266838873971956,0.0966189105712385,-0.04266311693520897,-0.16213828018175813,-0.04391923175533441,0.027893295772404514,-0.17910301328163425,-0.16022127263027908,-0.29400172539361014,0.0498420781430724,0.028082366479508902,-0.24405808325691336,-0.12129611222237602,0.008001773430591719,-0.22347412988850235,-0.4645886311221923,-0.34723348746701244,-0.13470998510504906,0.4099967304769314,-0.9663135519109916
-0.04202848108301116,-0.7915284566379611,-0.650898557373585,-0.10680016386741897,0.0804160260967206,0.13785687291503268,-0.12186397397685822,0.14262970289563426,0.1000248788345326,0.07079158559838605,0.04173354893909065,0.006159350114447237,-0.26186449732159256,-0.34881067009862876,0.062189812661187505,-0.2765040635514805,0.09271671132954173,0.019151165912594914,0.039872519067377654,-0.3430122096903594,0.15544428004832622,0.0013698279825262727,0.08584789867508835,-0.22313062519095828,-0.307152025578163,0.10244615956560787,-0.0008183638977382612,-0.37294005657971485,0.03544390905942829,-0.051822602696229514,-0.09775133415793535,-0.3022264890333728,-0.03346027153979281,0.08298465494260698,-0.466015759441614,-0.04531009046626966,0.13821659278957266,-0.05358869558845669,0.06265982201841269,-0.10615368371733991,-0.27732096031584486,0.3644675581825618,-0.1094380258836598,0.0765154530265213,-0.13333629427340155,-0.2979588143476396,-0.21594763435416653,0.02956894497697271,0.041430595592334196,-0.44834129962416136,-0.22349321742196115,-0.33542894543472357,-0.45178854671231705,-0.9517207155628133
-0.17842508344317043,-0.8313239759151998,-0.6164255464293273,-0.10291852603328233,0.1720309810813767,-0.03444663411482074,-0.17333170556677568,-0.10893217155349244,0.06894164440840322,-0.08140820419413664,-0.05883337371638586,-0.10903566631966521,-0.07452604663558493,0.4070431109062782,-0.18775578289383543,0.02896559616529748,0.16947049907732237,-0.13564246941846025,-0.057577602874765654,-0.13224488656580968,-0.3246899228229523,-0.289590676432646,-0.01032818309576844,0.07002122876437133,-0.13511630606819103,-0.010944149002879988,-0.004420733841044022,-0.10137718245996252,-0.3403660690782263,0.29918245199683113,-0.3780393938671268,0.0017760437820644182,-0.16004018746205084,-0.08572263457444806,-0.40649218748418037,0.022357290098406812,0.14264967849111665,0.014431501460279383,0.04444436258960649,-0.2644827424057944,-0.06750903258629581,-0.1311766967739283,0.13045360102521664,-0.1042346201532931,-0.3664360832311978,-0.19908162437762433,-0.1154330239912108,-0.26533645506123626,-0.001646310499740622,-0.3538555191561076,-0.1824368801996682,-0.11771602327064457,-0.264930367718604,-0.9902126811036406
-0.3313924780322095,-0.7986843342221943,-0.6176189933064453,-0.09877857304444904,0.07744636189773235,-0.19927854116481913,-0.2517669701541717,-0.16221202753495845,-0.10524514191110501,0.041389732646196054,0.030301466559905732,-0.029740002984331326,0.09844526387173791,-0.4168577017066335,-0.20100692452354207,0.009907424374520746,-0.041953498795571975,-0.05321739593494734,-0.13844979164690863,0.3925031100816574,-0.2311373120289275,0.08147373451807538,0.13750405213711847,-0.13543745193982215,-0.0394995502541825,-0.1677664303142955,-0.2937982589176723,0.2552930318277127,0.04207602637839858,0.27418030200553356,-0.3802916208489078,0.10295697615312371,-0.25659175289990055,0.15787894774066502,0.01082022474956279,-0.10612376819294023,-0.10051403347982568,-0.1288171077211534,-0.12557703459743297,-0.09607702181328137,0.2081604696479693,-0.2153853529190728,-0.3178405612393618,-0.07726480691957105,-0.546640110069353,-0.050640409600337555,-0.21090186903621622,-0.03317134198501592,-0.08120044623927114,0.005727989484074936,-0.131296380057917,-0.0936122183571968,0.10410128713857247,-0.8471230432625029
-0.4279145170697738,-0.732056080019212,-0.6563541465450579,-0.06936175556029267,-0.11475852786445517,-0.16318333024245235,-0.3893472110495608,-0.022210721913706877,-0.16050972142806852,-0.009863669604000758,-0.14628886037776567,0.1170987807582915,-0.22016593732430112,0.15309600523867894,0.08332922574534574,-0.034947509088074424,-0.43914445805629165,0.04376256731907868,0.025084059919602497,-0.17735734032894201,0.16755999115940878,0.04285099030682593,0.14433259645455632,-0.22126759482542235,-0.18332483366521302,-0.19181123822267454,-0.1712617468297467,0.06115642666858534,0.1810744670206994,-0.2886189605476678,-0.18219352597946603,-0.2938235428580068,-0.4006912622055149,-0.07404618771520466,0.14598069645377887,0.046839862818132794,-0.030303895506836542,-0.16011813531336794,0.07473136308861039,-0.18878048812972303,0.0729556804838214,0.2972362366303627,-0.1882810467297562,-0.1215814598996483,-0.019346317896366205,-0.10179010730193849,0.20557598207016103,0.11790772700955032,-0.09133144596103682,0.2818864031833581,0.14643358539772722,-0.24408558608976172,-0.2988727090487402,-0.8347087766701179
-0.48286410335117336,-0.6355611068289877,-0.7147203964241086,-0.029947975857780307,-0.19391451011865435,0.00920431166547453,-0.4305546651162274,0.0670354418711161,-0.014565443103557119,-0.04845516495116342,0.22884501621818254,-0.23872129614515292,0.04507570293239782,-0.041342468362153495,-0.1726960808248501,-0.1742799828236654,0.030576741249326522,-0.6718181699304284,-0.038426303193016986,-0.15037958847648702,-0.27061741278378937,0.07657983574418359,0.04636772221663943,-0.09719412556068652,-0.10750817464927243,-0.07491941530987356,0.10359339888375718,-0.2430382623080778,-0.11560267986739292,-0.2306929955478667,0.191687572922421,-0.05099248216379959,-0.17367071247415145,-0.3844795989129065,-0.03905848006935719,0.10789898117833863,-0.14546869739768664,-0.2117215753129852,0.06370358385370634,-0.20891481920031896,0.019061692455105694,-0.17936559829203325,0.1642427785274687,-0.06902417806780259,0.17256318853692365,0.09955286223511073,0.0366214345929321,-0.09886804979942176,-0.007596503958591017,0.10033281566915475,0.21300552647613102,-0.3520992305806645,-0.03677104006308529,-0.7866588195257052
-0.4661169361439703,-0.5361998184393149,-0.7897390771131387,0.010350565941582346,-0.09314874209043644,0.14514686443952418,-0.3857907852993707,-0.05411258980962175,0.16467102510567777,0.0953083513374422,-0.2791094775020393,0.09503955054475943,0.039395184467585276,-0.0945805551794926,-0.1964678569025894,-0.016113255300692075,0.15076017819761645,0.16622593779737227,0.20690361497910503,0.15028291086288803,0.16628544929289935,-0.09829157151151513,-0.08934623265398467,-0.01609237020863785,0.060127637996467476,0.019266914485541298,-0.14549283801094726,-0.0484668457897699,-0.06548275642433443,-0.008645811899854805,0.2709479779402779,0.13798039600984224,0.1325577431605387,-0.11191155549270138,-0.19004797157135855,-0.2746217857869474,-0.17219351356971058,-0.08727239465394365,-0.09806344137647338,-0.22444333339010636,-0.11230569286748193,-0.2479626832480365,-0.3665614266958732,-0.016729417946475755,0.08144964905984553,0.1262332106323556,-0.04947570594137207,0.030410243296108863,0.07799187356702397,0.056074737812653375,-0.17535414047478204,-0.13608872605232647,-0.20554279303271894,-0.8574403999037947
-0.43275687291877274,-0.43468139368454084,-0.8454708645384987,0.010724097572785585,0.10933556415467138,0.08067328921829553,-0.18908261573430107,-0.13146969007373976,0.1459735733594978,-0.14389041316261608,0.1133458357089665,0.14553640874107288,-0.2909835838156133,-0.03431595906084328,-0.08613785756127545,0.009765800067063513,-0.16538410998599484,-0.13605991136219275,-0.46584553969480624,-0.1520957331817937,-0.31218998425799105,0.10970839035281243,-0.052555448672499394,-0.44288599572620035,0.011934859050369617,0.14984735424270634,-0.3629330329711151,-0.05899010726407017,-0.01694641594997759,0.09815374522756803,0.22581884033982558,-0.27643423505451925,-0.03577812061626806,0.10306150745047016,-0.11259583810873819,-0.28823888377233675,0.133248808554995,0.027158255949960575,-0.3281274041710861,-0.14133589032996485,-0.2609712045944753,0.17148524334181015,-0.145827546258817,-0.40167713070889066,0.06910620273762302,0.06723963380978448,0.08249158969503201,0.007398477876318754,0.08429653402304593,-0.03792694902095606,-0.062408951489109965,-0.23514018904718315,-0.05973660162795558,-0.5173348231834004
-0.3427919742040798,-0.38263718930511237,-0.8944614865527915,-0.004117461642509701,0.13264912667029782,-0.06103554612701145,-0.05485818054557079,-0.16404573819681312,-0.0858356509847964,0.10490991957039109,0.12029037602039172,-0.3687398485804949,0.029556761150078215,0.03694360116377782,-0.024025731685780483,-0.08384770302734235,-0.27399724054959795,-0.13408694971895596,0.3628663226787241,0.21332904212373616,-0.18461993187801562,-0.038319094428699185,-0.12947116526126223,-0.392298900434784,-0.4067547112548683,0.027625317864450105,-0.3136619044923826,-0.03814173684260713,-0.16630362522096687,-0.17687266976101734,-0.09279481656089061,-0.11428556840728465,-0.1112849628693291,-0.20940198016170353,-0.1862754446467001,0.11352518923044075,0.42644781098677,-0.010079843154123691,-0.32639759494151876,-0.030468331795428627,-0.12579957028817912,-0.09851504822400692,0.2013009667256518,-0.17234583290242855,-0.17680316577701782,-0.16298120583181452,0.35382640606182925,0.09771138230028953,-0.11620316703244626,-0.056745323327842545,-0.07643250192907947,-0.16371139414568026,-0.10940336088487734,-0.8185314397165069
-0.23717203659149133,-0.35764496803665013,-0.9350884389582153,-0.04667359213474698,-0.013461548271098689,-0.11126118104810245,-0.0002988297903753212,-0.09794966725949228,-0.2424475518788547,-0.0596865956885414,-0.3274425501017527,0.13986036007600022,0.21902109300127082,-0.09526175814437321,-0.12288605263004426,-0.08048828105992079,0.044136547504008306,-0.3845108785541208,-0.2559824885451826,-0.19528720023011692,0.3571075151255685,0.12552772583606053,-0.20356765493234152,-0.022681916866475582,-0.32636225841439426,-0.0836250998264737,0.11197125084877646,-0.07884566299055062,0.05982598864389366,-0.10369242043705607,-0.13041196703152724,0.3243556558329683,-0.29666061046640513,-0.028414955386785512,-0.19550739607215817,0.040101541157850695,0.06023798305331374,0.06745660643578422,-0.26336377178091264,-0.2018452513959912,0.012272983878634403,0.05843226785078137,-0.14834953851652377,0.28259931182834075,-0.3725326287455203,-0.31061508360022305,0.16465756916278673,0.11987242434460832,-0.12097610004491643,-0.22463161554549838,-0.13647749372261786,-0.1530944354752205,-0.08176708241121111,-0.9250883939717989
-0.10150797909912046,-0.4079520183738218,-0.9469330754311208,-0.0775559703612736,-0.0868118292660478,-0.019612631476776277,-0.11137346603664755,0.12617179168905546,-0.273824104844716,-0.009943647666589062,0.3082528105555069,0.1367501455877611,-0.34302494099712366,-0.10017289365282545,-0.08597324985320975,-0.005364476814842756,0.139978348460557,0.11897648445614872,0.23291067834035428,-0.2491884012627037,-0.42054117455589757,0.020598959923659343,-0.23243378331022646,0.04863917730861633,0.05247620841428846,-0.10892731405259526,0.093712506544819,0.03540039146683083,0.15831258955054572,-0.011877626685602438,0.09563399057806099,-0.19345365440201312,-0.36979703826736576,-0.063991884283498,0.00474493056824854,-0.14907475740549037,-0.271719660114043,0.0764975650424069,-0.1621225677723226,-0.17700126072832856,0.06582572760544236,0.12374769022300902,-0.15287396623738891,-0.3061319823874106,-0.11068915114702083,-0.2007171247398406,0.01707188627515288,-0.12318937750582015,-0.11523799788542222,-0.2881397960097055,-0.04289548764524931,-0.3447121561564259,0.061817122314136164,-0.9373452697886193
-0.05185793527198712,-0.4615737214884744,-0.9135308760830931,-0.1403498022050086,-0.04332728905070404,0.012194217169582577,-0.07707817312401744,0.2628176523131085,0.014659757449545507,0.05453176974861673,-0.21419340071296122,-0.3566910751512984,-0.08010706196923234,0.11616203593925278,-0.0809176285858042,0.05883937906087611,-0.003469304126336392,-0.14688878308232856,-0.3364491361027233,0.3960253154941116,-0.03461968095794399,-0.3186149327889509,0.02936793802944848,-0.3031177725471683,0.0778309386375271,-0.23765568834733475,-0.2784932160294994,-0.048468682229877214,-0.12899714548128172,-0.0019000572028858853,0.10895542365234112,-0.22552005963838018,-0.12332845258333525,-0.1991654689340987,-0.19154031437552432,0.11676278341614865,-0.21669331710380157,-0.06730389128920555,0.02352134604314915,0.08885557095715346,0.07077367444915605,-0.2052917042467115,-0.018163950041400367,-0.11198832007053161,0.15953405437232204,-0.21052217594665645,-0.1255273701165005,-0.08422144567843204,-0.127893804875851,-0.13519203416878356,-0.24439343878808906,-0.44337547585332504,-0.37263322605455995,-0.9381713539697594
-0.009524446055884761,-0.5620196432263653,-0.8643080254735007,-0.1736408393344605,0.03350521429149356,-0.027986944200473984,-0.09522817162326958,0.14246694260130588,0.1377476523301011,-0.12179293177805361,-0.016689146367886543,0.15147866383965192,0.20382168200566775,-0.16564100925920777,-0.04438823714742113,-0.15286633660118554,-0.22039461780424063,0.028881099167302082,0.06328550396676702,-0.1823182491544023,-0.22770357702681032,0.22353110457080172,0.33869411568197383,-0.3275029421010075,-0.5291342216669694,-0.16891889919011116,-0.32398061717993165,0.02757539944541909,-0.06008261012419225,0.02433310111374043,0.04986057170472713,0.17740700968000933,0.1368207716364831,-0.05357854683808616,-0.2759386572284863,-0.09187939997447148,-0.1244934320663511,0.020710964256432485,-0.0017500074731193749,-0.10060747769637335,-0.15862263230401463,0.00013694291229482403,-0.272433837771073,0.16920540313742083,0.03725920329696231,-0.10706851770449088,-0.006057520559440754,0.04553560307585269,0.02925998078294656,-0.1714814932315193,0.045991941312775175,-0.13690332294632956,-0.3643223700211681,-0.9659617744367262
-0.02877360078629454,-0.6580240631726473,-0.8031122086306246,-0.20069521493558862,0.007218291753856576,-0.0848688735076647,-0.08999987808042498,-0.09929992480908267,0.17406784717986623,0.11352304416757941,0.1915114949529373,0.05504707433215672,-0.20036012759762523,0.03558873712194499,-0.07006403284656293,-0.08111398657802349,-0.08933372159938446,-0.3596670050476193,-0.005047385707995677,0.03234633389119734,0.07878452772364075,-0.08144388313997519,0.16613326456864108,0.17682663080548955,-0.0683383667059636,0.07221062600055794,0.20227530999909438,-0.15776480495460166,0.02867755175798381,-0.2854029205553187,-0.1901286776267277,0.002178496351975534,-0.23185597348447784,0.1816508670010799,-0.31670446017509035,-0.08666318168394371,0.3129553908232354,0.1831016293967369,-0.0548207978386428,-0.17132456928294804,-0.5068026429756687,0.07868487991128803,-0.13306535321799629,-0.27314233977654534,0.020961772331224093,-0.015548788460195473,-0.049631995004068785,-0.17275843358978604,-0.022893071688923294,0.11245772729896508,-0.0542411115156225,-0.007508673460385418,0.04704664051362184,-0.9289516220992934
-0.0862012711635779,-0.7344328360226607,-0.7502707754322336,-0.21267943948766277,-0.07603228088124081,-0.04089227336476642,-0.17273349265190963,-0.23031115929522283,0.020251794626058084,-0.10771588545470834,-0.182574648020576,-0.2658098483524035,-0.055728173189403485,-0.06597683880011185,-0.16828948354322026,-0.08774027801036377,0.04237739018344677,-0.05254279885220081,-0.006434113024397559,-0.1331780221441068,-0.12151305349611141,-0.02580823992669623,0.0711737746393648,0.1458751711496138,0.1647196297607727,0.061998965818746976,-0.17402403784757203,-0.155980328876971,0.02737703313616957,0.18872915109414778,-0.15805483225447425,-0.24547959260907304,-0.1568025316707221,-0.005547965682843881,-0.11576662025796702,0.20849953277368516,0.00440374071887395,-0.07623282919407803,-0.14781625419280375,0.012861574370867768,0.16772786616922097,-0.027661092170612633,0.12206756097705562,-0.024854116946842475,-0.4199627294771472,-0.16612673929401622,-0.00134021679392049,0.22587906117478052,-0.05563569822287395,-0.2821196816578342,-0.340902787988688,-0.059683363028257164,-0.2320624780196089,-0.9451001844460206
-0.17052968793513423,-0.7767170989823238,-0.7131751660805491,-0.20161862961421417,-0.0945029290660927,0.059089174571391956,-0.28839910161853033,-0.21725168582952437,-0.16724566854409095,0.05619416683556189,0.07043539163323409,0.16348106751951397,0.13078711723359415,0.03593222546429087,-0.09445487706610778,0.0869708974940464,-0.07352476434983701,-0.0878800589838391,-0.06284371138998601,0.07842542952677056,-0.14344816754879686,-0.08949191404925916,0.08105348827018388,-0.24713397160141082,0.028365882780545748,-0.022197325023689318,-0.4121689207391456,-0.08894882859891162,0.01487216944651304,0.20911691197070326,-0.19729646711526316,0.08865660394120378,-0.24692509325798684,-0.12205763454300023,-0.11368089161957262,0.0887999613756969,-0.11066663045801706,-0.15229213801301156,0.01624763557261666,-0.17449041047004232,0.09561216150228002,0.04841385043328206,-0.19123481472259196,0.24620801646025048,-0.1824007768197442,-0.2859882625508946,-0.03044728262218588,-0.04893934993012705,-0.1295962317988948,-0.26499285028766306,0.22101302282643753,-0.009540569779671881,-0.1678708081857052,-0.9930856358782985
-0.25785599352034494,-0.7878724452655137,-0.6927126207362324,-0.1609723268914588,0.005805695009955647,0.10033244425681387,-0.4048621863348455,-0.07643237555134819,-0.2222935036396867,-0.02614955989675627,-0.05350681862218798,-0.07191232402109349,-0.25115466531683783,-0.23356683470635486,-0.0634771124325968,-0.12044912238588767,-0.1863462173878393,-0.2218967716446596,-0.00830588533715182,-0.045477031490576025,-0.008943689820691825,0.03329329170757789,0.05718058995236741,-0.37464113273010424,-0.22526896694817655,-0.06624077417531937,-0.20178441696465665,-0.17034459069355146,0.042788582399792,-0.13126631211562023,-0.17382133512148157,0.08431583077095439,-0.3576337159155901,0.019053374159182512,-0.07775082152721524,-0.1087153759170727,-0.1346834676664096,-0.017891641868466923,0.1686924754357786,-0.23380087203568078,-0.13483625072298733,0.021845457906129573,-0.20908075339446908,-0.22031499905949314,0.04397964448207259,-0.12761273792109729,-0.29002796385709284,-0.2699509081610513,-0.09054455496253011,0.1012891813629826,-0.1579244001106762,-0.23154060136101728,0.21247844462415943,-0.9492183129029013
-0.3381445453110047,-0.7652758864760018,-0.6874662177751287,-0.10943860163306496,0.10549694425323985,0.025102034098644088,-0.4593854011402321,0.05599848595624812,-0.08008561824677907,0.012932883078471624,-0.04422978863506999,-0.0454433882538835,-0.032209836296953065,0.2356286434342707,-0.1758426400137434,-0.007139692677053944,0.012577966076236846,-0.29922372523111684,0.08239790520185886,-0.12337488642402805,0.009844504303433865,0.12483833440591874,-0.056814813109202444,-0.21573849155773883,-0.14984160383030276,-0.11949605747522474,-0.007169454615531978,-0.17046763271761523,-0.17169906578219396,-0.18302314096420513,-0.04244153866600364,-0.17800221706093955,-0.15190862453364462,-0.004463136777761334,-0.08136211910709457,-0.018902685185755108,-0.12578761106938507,-0.02640617029708403,0.12218136386567702,-0.06016068612803738,-0.046916034381893734,-0.16747744335305026,-0.08342844816066808,-0.12179075086915203,-0.002952647210954118,-0.022492391021966762,-0.051612238124697396,0.14115600461748312,0.08639658363493896,0.017056733406621838,-0.2321937734164118,-0.4210332720462242,-0.33235865041432655,-0.8904663759034801
-0.43117723223903437,-0.6936673481795601,-0.6904410390118922,-0.07983037926449954,0.08267064498477916,-0.12893890385360574,-0.3470358731345172,0.03860806869036826,0.13986888891430693,-0.03243640269233461,0.036268849413112925,-0.03486132572972822,0.052633045667761724,-0.28465669180861675,-0.13689900541949096,-0.005276962410832753,0.11675135050594077,-0.11116276671083314,-0.07189466272114009,0.0021768288454617757,-0.1112698462240912,0.058897959366514874,-0.11137098021152192,-0.22172918885358817,0.14295919837376747,-0.15144077550344348,0.018834007203888836,-0.12041529029362641,-0.1253475775395011,0.11466217305877557,0.09870634258893163,0.04859723790538717,-0.03041042039968178,0.0654177013309103,-0.27936454887043627,0.1086877394285839,-0.09625597667382346,0.028517667401548374,-0.05016156548554662,-0.1422749009812373,-0.11953686716545486,-0.027027276935345346,-0.17712451958305908,0.04336120538187571,-0.03895398217792545,0.0506733804855255,0.12330755137086946,-0.1259625816614076,0.14149018925115597,-0.2806224590291715,0.1531465647302772,-0.14872732978879932,-0.3167119654499597,-0.7222471782209428
-0.44488771154600926,-0.6253747830705831,-0.7302291437343799,-0.03695504143055517,-0.03182481649796709,-0.1708311049271306,-0.29538400728900394,-0.08833737053742341,0.05764750577389033,0.023183235696248028,-0.038282392022313094,0.04594841700181851,-0.1467882006967971,0.10081667100514857,0.07743466841002777,-0.012931186286108454,-0.12402219879009013,0.13235617995185067,-0.020784921393762312,-0.03193073347370412,-0.08250130173820325,-0.22048863211645486,-0.11690378848743199,-0.26370229012108914,-0.1632821056274315,-0.09668733540370089,-0.19960668405209114,0.08756052693936422,0.09714208955487424,0.06104322070116219,0.20350057088973794,-0.010900939999771042,-0.09422565042398934,0.0653718899272071,-0.187888925350859,-0.0687133166533751,0.06968022315622413,-0.042463646012759315,-0.3350666256258138,-0.1587121609235006,-0.1810484725816187,0.042280413437320474,-0.040256630931911896,-0.23131468015337475,0.05163762931572169,0.17865912266500406,-0.04956823307847136,-0.07265203928763819,-0.007918334659520743,-0.09446651853141497,-0.2596220885712457,0.06947624719617784,0.1964849306876404,-0.7297570344131254
-0.43884596906880347,-0.5354205292272103,-0.7892539520564245,-0.02164744267955332,-0.17025762098028463,-0.07646806980700382,-0.22735144304610844,-0.1377532420927542,-0.09915722561776863,-0.0643413658634785,0.07931498977631102,-0.17695506283408524,0.01039918169561771,-0.0631316997002449,-0.13206009342390224,-0.1722339954601293,-0.1186174288771098,-0.35748380056234474,-0.15255239805594634,0.010360739379810191,-0.23348594264900813,-0.017327560084462457,0.02678653029012046,-0.15847915279938474,-0.42796694979767036,-0.16875106362596592,-0.23623004394221225,-0.002046340634268229,-0.022566218574701202,-0.13257342337714406,0.060761362982846734,-0.17824856434472358,-0.19257312229582413,-0.049277816520432616,-0.21193999826176668,-0.052569572577339296,0.17645995036614637,0.0334280276323744,-0.3434396223328665,-0.04951089787752394,-0.12052247850186226,0.05064499997816885,0.06362350968917596,0.03404989609902365,-0.10317029318165061,-0.18596054595122147,-0.13599487630399265,0.21846678870704217,-0.025335169617476727,-0.08586671090254527,-0.1526934915834326,-0.23844299447112882,-0.09980961514517173,-0.886890893844823
-0.37472834430198376,-0.46505773049834,-0.8609216062963411,-0.011766384232432814,-0.1616248012348599,0.11222836871415431,-0.25012950058568806,-0.05403233994725076,-0.12866019268978646,0.09257759739978089,-0.16533318664666696,0.09620069166220535,0.0037099148692412154,-0.02879058256160738,-0.19872800193426376,-0.032913589163316104,-0.08050779313704204,-0.04791739940782502,0.15990758109604308,0.0704280419304053,0.03266284083865156,0.18237122600023103,0.02595971203037961,0.04554748492640193,-0.2048698690139401,-0.06969113575680164,0.007198030305663572,0.033261572936749584,-0.09978840261964861,-0.1615186575890578,-0.02027478966007612,0.022223967429007674,-0.22540560838301416,-0.14746989115198916,-0.27132903717371104,0.0839781598269993,0.06707706015247505,0.019688539247402437,-0.19442343701023057,-0.24759950916700002,-0.036359420881502236,0.08935853169439856,-0.07700176109134171,0.07742689961472116,-0.21617557078712313,-0.45169076528840457,0.08097899154669785,-0.1685950663141924,-0.06968471455358927,-0.24248752080416525,0.05348896870936137,-0.17464111006726935,-0.1673248013992431,-0.9555072641060297
-0.2698334491239661,-0.44612348645249555,-0.9174529454691241,0.005444878711882151,0.027470298128617232,0.2087176394179877,-0.31737525776065,0.04054977926537262,-0.07852887497904892,-0.13056389242841082,0.1295764268949975,-0.033912303309725944,-0.14276050269409457,-0.07781824528049108,-0.04860267448790545,0.07140494756561999,-0.03283929198436486,-0.1560706881238254,-0.19130308723085865,-0.17801654447325077,-0.013137200409801486,-0.011285121335764647,-0.050173217712080054,-0.02103717367248914,0.12286202907668597,0.061573163502827155,0.030894380585366976,0.06833371107461694,0.12233902368719196,-0.10542822085919867,0.006954070249323818,-0.012829294098370081,-0.15988700941555412,-0.122778400719326,-0.15870781100170794,-0.08687308648742231,-0.11574195148006516,-0.14685461970836888,-0.1292645363291256,-0.16919062168119825,0.0660387592838989,-0.03937146935176761,-0.13257815446563792,-0.19561259068043912,-0.1467054080832617,-0.20294072585491651,-0.030201062231552056,-0.14661782775705579,-0.2585134048459272,-0.0867433853267977,-0.2285768403553029,-0.37245089033892953,0.1144198655434332,-0.9695269798500677
-0.18264839754075612,-0.46097143268567264,-0.9371732455177346,0.0019327657068768378,0.20690375754307055,0.05495306727267124,-0.2733159565450102,0.026129668538742434,0.05804672233821906,0.12722807549022663,-0.06160964158348892,-0.14053466268422754,-0.013439816902868662,0.01720239445207672,0.006492168039208268,-0.1020959114080594,-0.03998747290919891,-0.09744089164755587,0.10455995016676267,0.04903811277584902,-0.29521917169203094,-0.12819807540531336,-0.017885958169901017,-0.2719279763551691,-0.07203199892605605,-0.031137389108092495,-0.24824886429356963,-0.14020035382651952,0.10330278568476858,0.0826046030763643,0.018835199429233063,-0.2385638851545575,-0.06585306544691605,-0.17502649716853969,-0.14214666256903197,-0.14585716201232746,-0.17873405089487482,-0.05320461431136647,-0.03678704749400252,-0.07889369403230351,0.05703338260802937,-0.023485283315358485,-0.11532540562645799,-0.04755092696234431,-0.012924796208104938,-0.205607049438438,-0.1077935514267111,0.07907803319080942,0.0007083176725526386,-0.10918835077476874,-0.028547406007300324,-0.5461375738442589,-0.25893997554166437,-0.9499381128561426
-0.10306933214964409,-0.5172717817732442,-0.9296305085628684,-0.011194681979231014,0.1633337587258059,-0.19044942092136907,-0.19648223659123465,-0.08819049409202628,0.040502467569695444,-0.14161886001696966,-0.06482638724737755,0.07006069220981814,0.038965646471737614,-0.05090894585107819,-0.1767738246042625,-0.1390436553028953,-0.06272135206140728,-0.18301192229081797,-0.1625856421123545,0.09176388285362869,0.08267774697706565,-0.020845444681588665,0.018916965834802735,-0.22553919968621416,-0.3174047889209033,-0.10888217808143996,-0.2354479653941256,-0.15111285789402162,-0.12745521648398406,0.06971472813593049,-0.05638934906572057,0.023834879624574867,-0.1242705723134071,-0.24766397971598864,-0.24893299361554921,-0.042310645031703675,0.00026902440011689066,0.05513860483286215,-0.018824157546400655,-0.19311481003570297,-0.20126049565350257,-0.046261257744837914,-0.16451736210929768,-0.07700295681009284,0.09739766438915343,-0.11931277988835998,0.09892059388947416,-0.15207120660349527,0.023618139877992883,-0.003550534091219082,0.013865260330488738,-0.1180601496502105,-0.553113063304159,-0.9546969901484521
-0.06545810697506071,-0.5976489662558744,-0.8970672365013203,-0.033915648335443804,-0.07421247388069252,-0.2640486439837021,-0.1328345785172269,-0.09911339324858792,-0.045628230708934514,0.11415650913368891,0.12168475965147074,0.003509516744933716,-0.16403765573940832,-0.0670373026852148,-0.153520722737163,0.005575692096017715,-0.15419798884132851,-0.060812462667900524,0.07826393679719623,-0.19748689764728455,-0.16934184528815655,0.18055451422775182,-0.019458154025759455,-0.04323922701723437,-0.10458020890090514,-0.10441772415889239,-0.09049996343911115,-0.06993847226586936,-0.0019003685364925582,-0.09771539824720588,-0.11332584967038406,0.17847379106859873,-0.18999038273996038,-0.008323457482462548,-0.19628512838629597,-0.09911805293649134,0.047414932673785826,0.06299516486203327,-0.10374922882083792,-0.08477070756553495,-0.20760998400395692,-0.06025249227812468,-0.13691575563351088,-0.18546349201040924,-0.05163113803571884,-0.019179714027016015,0.06587621327925164,0.06386308567868504,-0.07947869233201121,-0.03364697973239916,-0.23452462134264107,0.046236453324518756,0.1206344208768706,-0.9415547418121323
-0.0926713395016493,-0.6667367955349568,-0.8486810378655623,-0.07251313452958341,-0.26123867997607686,-0.10063168310525794,-0.07118564908172875,0.01637943983236556,-0.03780717647188281,-0.09681692705235034,-0.14354860991900154,-0.15691884425442526,-0.01054790874680911,0.02757334880097595,-0.02584615918992328,0.031734883880651266,-0.061126854014190934,-0.26932848546146104,-0.0768019184625055,0.15227685457987028,-0.05913101825364808,-0.021058639719268024,-0.05139018484303426,-0.14231198461285655,0.21944427110671305,-0.09078459648845638,-0.05275844837772736,-0.22217710515517175,0.08433764325374238,-0.11044394484412501,-0.04925424429673775,-0.12011827258874708,-0.26990158434051337,0.10750476238685058,-0.13933362026484075,0.021382026138951904,-0.005589120278720605,0.07610791677088447,-0.11857719745826212,-0.07805516369005316,-0.055391351205745565,0.043832987205138174,-0.05523897589308413,-0.03889481480515267,-0.1096570714445424,-0.21580922196947705,0.15331579174097243,0.1646778285810755,0.027582188120532036,-0.3047098769242198,-0.12053615725168221,-0.14372207184700747,0.038803503841285725,-0.8487447769444253
-0.148020617381035,-0.7180919905442508,-0.8079415041264135,-0.10226869009579742,-0.18549245165576234,0.12825087611292507,-0.04642435366297559,0.09497981402324762,0.013167036082228245,0.043994977076257546,0.06227071602327139,0.09161446248733096,0.026625345534413425,-0.09896606923523388,-0.07436837662845819,-0.19620708873547987,-0.05158497795498984,-0.0409210217253565,-0.017911423559246242,-0.05917640044862493,-0.08427172580166253,0.05202528288487196,0.05306096774720381,-0.40809995254883935,-0.07343878697733164,-0.04673984165508749,-0.2777990704839034,-0.18388538967245371,-0.1531768370625013,0.11555815962965266,0.17116949818291438,-0.13973799482809246,-0.11989258098776256,-0.03271115462303931,0.01794236636650437,0.10604282595343162,-0.08908999970121789,-0.10227654916908979,-0.19945226164904595,-0.09270276037283509,0.12698110650564431,-0.02053760486824252,-0.03881470076058935,-0.08380661336815509,-0.1262935164663449,-0.19268669686746065,0.030974312124590897,-0.13069199829091194,-0.10292491407887994,-0.37008911950938905,-0.041679345079524865,-0.16119683040409583,-0.3450103079654335,-0.7124408870563083
-0.22662777801061817,-0.7363790753408506,-0.7812920618013887,-0.12873000761695197,0.018276078751467972,0.18502483676773496,-0.002845659876628326,-0.020039460827942945,0.06047920548522656,-0.034096680517255784,-0.005417439285201331,-0.047755162897975545,-0.13282108136991677,0.0029017393855650386,-0.18089700570360912,-0.028852019532774942,-0.06890523562968931,-0.18446978033217676,0.008587853389952382,-0.12482914176212978,-0.04264992927343503,-0.21382131109720215,0.018936161350995517,-0.23931085878616232,-0.24914863200235915,-0.013721650618792935,-0.17333602555150962,0.020874918390396013,-0.20063908679179643,-0.16803280638482365,0.012409738706821827,0.14157322744710843,-0.10781328566785231,0.04408092184701995,-0.10886639682847932,-0.04732573462271972,0.12092925031453339,-0.050037553414608804,-0.03364749134065814,-0.08268357063285958,-0.13574553231502862,-0.034694496720394485,-0.183492611828861,-0.041801509343594945,-0.06712392318222626,-0.14423310413831403,-0.06858767609317862,-0.04526543744271627,-0.12223751784285353,0.14078266409293216,-0.07592322978827781,-0.2537672351056012,0.1737375886833108,-0.871664858042967
-0.3139265640989116,-0.7090694218897524,-0.7742337028671522,-0.16278272544830696,0.16922313702137992,0.05771551879664916,0.0004748101741465227,-0.11779312780546847,-0.034799568292505634,0.01990342543510426,-0.07771736597783951,-0.03501484937270949,-0.06432862831498265,-0.06704193631888977,-0.1120629243408966,0.07010578581279736,0.07931046188489055,-0.2495924391589749,-0.03468024662748126,0.025875534839423286,-0.15805795950681167,0.10660699521998729,0.024181619488470973,-0.07324203496481119,-0.299446354564581,0.022110154855465414,-0.053864939538543655,0.049270172953620905,0.06368061637717681,-0.039224153714952914,-0.01473287362953335,-0.08444374087439022,-0.14077858149154765,0.16846903758671905,-0.15030702896277026,-0.0361123866780525,-0.0252431176585749,0.1115111203905812,-0.0029176035996723026,-0.14780736953299434,-0.08203275503080387,0.07670139823693356,-0.0776658001578403,-0.0726439132548451,-0.25704531653647367,-0.12943917577615338,0.020956783992261974,0.03328719752044651,0.01576390768770075,0.017680395122428916,0.00792098918379125,-0.3536581179309072,-0.21032110368915746,-0.8120895641259703
-0.36160525523935216,-0.6622086267072878,-0.7955178586656912,-0.18319122320489667,0.1544060141745236,-0.09014557547929902,-0.1430827095653251,-0.06096295918807326,-0.22820351903899083,-0.06046679040279013,0.04206114080967738,-0.04390321430547006,-0.03256152880579921,-0.03474832428467067,0.037482275851240754,-0.01617490820661127,0.015997942491110306,0.08617833965682054,-0.00016369017512685158,0.012289668567405876,0.013995137607578645,0.019339195957337685,-0.01830346030253116,0.009154170861888522,-0.144434431472256,0.00822138602652478,-0.062192114055182324,0.05625138739842739,-0.00690190798296586,0.006179087039148712,-0.08733201493389087,-0.25332941851312485,-0.18161026794251567,-0.12333262364246067,-0.23622779508907632,0.13659552289400811,0.022441719173371233,-0.07771563766940892,-0.051049510440414614,-0.04202766443467776,-0.026089612794269135,-0.10624245730348492,-0.06912849332179449,-0.09593936852010831,-0.10511657975513933,-0.0613685046170942,-0.0117510453610844,-0.10097534586980017,-0.1100361192511019,-0.03883208809794214,0.06772581758832108,-0.16665898893902475,-0.42346469223936245,-0.8965390827738325
-0.38721614308191865,-0.5964595974003043,-0.8269609988260063,-0.2008783623242565,0.013279546591487668,-0.17202210620884217,-0.2819462263578022,0.08062788764121231,-0.19004779388637205,0.0642951215718921,-0.02044304824737697,-0.04721485567160988,0.007792314571331893,-0.007500191493361563,-0.06541184164579994,-0.1343404749384829,-0.10500665556095767,-0.14216663200886748,-0.14607664837186096,-0.12307552768734953,-0.20787582914002667,-0.11190371209731265,0.029375571797414235,-0.09683147947442772,-0.03741725741354485,-0.09314523700680033,-0.11023386480957553,0.009253111453694451,0.018603250274330074,0.06311895105153065,-0.2027457219209967,0.044765002321097924,-0.16369911194724918,-0.1901792771604882,-0.3127296796665775,-0.027908313614152025,-0.08148960875517153,-0.16296594411987608,-0.022227323124337284,-0.08747670924760254,-0.009091091855126354,0.044016959359424845,-0.14972230723330615,0.11690034743622357,0.01594893316525825,-0.005249607245519594,-0.07949477906153757,0.02358308719491986,-0.012782551748819593,-0.07658904043794601,-0.13084363622407114,-0.0721106792431847,0.1871063876393897,-0.9346377690035429
-0.3566318346182632,-0.5489665966476274,-0.8669575943600748,-0.18986849580598708,-0.11505338456230996,-0.11844114495702773,-0.41970698951017493,0.12216241400278771,0.0068204964600262485,-0.05872188448361737,-0.05438410740379784,0.029097683602834712,-0.0683697632407092,-0.06152153163146634,-0.20214345057402705,-0.0847539622809046,-0.1115604652992973,-0.18625515595332287,0.07772993154465113,0.13333156351186548,-0.13617278656359488,-0.06728559434369452,0.09608991859784655,-0.12578488644379082,-0.12591057981329412,-0.17446241130221685,-0.15778291538684042,-0.11508883676007842,0.1345922956325376,-0.019547696473079856,-0.1801271491410973,0.009331261271316338,-0.18497749717924794,-0.08143509502930335,-0.15050541496736947,-0.13994753467971432,-0.12398473211263239,0.07898686256145293,-0.050991668199429574,-0.28728531679813585,-0.13701308474218055,0.07679315058872938,-0.06407752423808888,-0.06877957700017001,0.04073629070899565,-0.059176626860476866,-0.17169455532595668,-0.033695658669327,0.021688799000854075,-0.1843030159487773,-0.09664664776510057,-0.22184269174932147,-0.18526329035309375,-0.9480962218111125
-0.28314995340525473,-0.5343496839094493,-0.8978296685713684,-0.15543952923456084,-0.14813117500650508,0.01157814646657429,-0.481595830134932,-0.02160675392766842,0.17412915302398346,0.02988601269280866,0.05675469217972995,-0.04638329137757713,-0.10802117725603322,-0.030553820672201026,-0.10919532483415673,0.03981075993296801,-0.07410709706973206,-0.14796982100975276,-0.09798380178044752,-0.06854842259316607,0.09083471430831946,0.0773697717343862,0.11754221264131015,-0.06424209134005454,-0.12199213822193167,-0.18518590849655647,-0.16734216780241296,-0.20728646970861364,-0.020114900790657364,-0.07401572320212801,-0.04486455974869197,-0.08967607376947895,-0.17899052660267023,-0.13231306147404942,-0.061456806260566044,0.05830063585702727,-0.0468922057452803,-0.006471486893633083,-0.11024906742049623,-0.14103110475970226,-0.15454968626623533,-0.19001503026122746,-0.10851319089261158,-0.2104944636748104,-0.047657007454221856,-0.1059620705020834,-0.04694417599441458,-0.10398048624801715,0.058338761864619615,-0.15250067263576095,-0.18133799823314234,-0.2584874340754326,-0.1373669036291859,-0.9761237956315166
-0.20184514709228563,-0.5593941369177973,-0.9021608483620818,-0.10830546182749679,-0.06631826231895732,0.10237459709099417,-0.4503701022889528,-0.22461776949525358,0.1386936060296522,-0.04447148877518059,-0.041330474394749794,-0.10127329975976807,0.012815558125451654,-0.02388225904740693,0.0032309381879525034,-0.04438044078101677,-0.038618260402561666,-0.12653349536703473,0.03433276357442483,-0.09989926830692841,-0.23158270446137696,0.0731257213901777,0.062287913600535205,-0.1433074435124394,0.04446651144526159,-0.04910597147068252,-0.11368034354508683,-0.11332765539304535,-0.11840143292148719,-0.06951115929480611,0.11054341393690748,0.07557184230310043,-0.13707799618671557,-0.09249356747660253,-0.06805655280674472,-0.051776071438043636,0.00510724540364671,-0.06510732711269851,-0.12298711652852556,-0.02477059881270749,-0.1303992523499763,0.05048820177318314,-0.17367225112191587,0.052068983634283805,-0.09477314670863635,-0.04134888185826646,0.06623023423942653,0.050716684181071336,-0.008211178832471577,-0.11865702433397785,-0.22294571252026874,-0.10790715701771314,-0.16681626876458056,-0.9566021220877321
-0.1421458979647896,-0.6127038588297518,-0.879866424405391,-0.06533125819106023,0.04336797921341429,0.08929468491198711,-0.3631334496192118,-0.29900003531351704,-0.05712256013238626,0.018392303237084073,0.04475401085899677,0.03868182034580081,0.03747938472315537,-0.02128625673631457,-0.10134974115329787,-0.14216989506493727,-0.07296780546472925,-0.14862882584899606,-0.05419348849281558,0.11665871741483103,0.013647732821029379,-0.09602606710151229,-0.04546093315426736,-0.26238705744052826,-0.009701618346156349,0.054269546756356535,-0.14516206289716016,-0.06516467854743302,0.05017507373117214,-0.06824305788855123,0.15591513248394118,0.007168983870535328,-0.1358474816917412,0.038956280449847114,-0.1538961573774097,-0.07236221376591656,0.03355554922192994,0.1329420767380063,-0.06575329669888652,-0.20338817576627,-0.08989894076207006,0.10472708798143127,-0.012425366142011729,-0.11712214998839343,-0.11661760888571115,-0.12187380311114371,0.018391092086154304,0.04216709259662088,-0.08132973246247965,-0.23794140465934588,0.007630862962543006,-0.11400724461192335,-0.14896978263753025,-0.9623017076820097
-0.12518898901911557,-0.6746839708391328,-0.8412893288963492,-0.038291424177028466,0.08657174969442427,0.00799664607871109,-0.2836911137655235,-0.17438251573170838,-0.19414722892015546,-0.0023488658711233734,-0.06787619038637571,-0.022232493091878358,-0.14583142483469647,-0.09446859696704446,-0.22667070730139316,-0.06968315944732562,-0.18214519010294938,-0.14075763749865877,-0.005073423832340662,-0.1881420361994175,-0.06742913223546709,0.007749828492925825,-0.12954030982316878,-0.24868079645759766,-0.22388453926406038,-0.0005071348755852911,-0.19569642502216755,-0.16349073070435438,0.024470461203735416,-0.0028471455269715173,0.07973429803082288,-0.1274376746202187,-0.1628438793088519,-0.002162594385747174,-0.30850476012355743,0.08151421297666794,0.021206341093356285,0.0019055546294663994,-0.13086990125184128,-0.06354467108738093,0.02131431075244583,-0.1790657395546953,-0.07009736030907321,-0.15947320905016882,-0.1529521399603,-0.2247880917827606,-0.02772132952804285,-0.0535888126853411,-0.029230700656645014,-0.08886559862100885,-0.11410918073485277,-0.09195793668895968,-0.07731052142996975,-0.9667048549441632
-0.1576137948479548,-0.7261547959750525,-0.7977636939411874,-0.029655537196345616,0.05932391595917341,-0.0786366208191498,-0.22423004626121967,0.046897585892561766,-0.16101808030571252,-0.006418279065357968,-0.025052792574599247,-0.02302373799228985,-0.07683472163104998,0.03706993249950452,-0.1319390580667147,0.11860235492634397,-0.03365523521363423,-0.33353741312612784,0.034928237822096975,0.05538000010462962,-0.10107057293703192,0.11299532514300692,-0.1919350212722677,-0.20888330877978933,-0.12266012002753424,-0.0812864255099055,-0.14599577470742908,-0.08464958875284989,-0.1624217370427743,0.006651625156060215,-0.06603825868315805,-0.04367619299782455,-0.16420452346663483,-0.02728753995531663,-0.33880903420213826,-0.07868415413565721,-0.023850790173352232,-0.09574674195022459,-0.13437582182665275,-0.023266690287785052,0.020407223717917145,0.10202534750760073,-0.20256892535537074,0.07571734799879382,-0.08507055745688319,-0.2727528453528316,0.02145862892309669,0.0442706012059908,-0.19459252807133942,-0.051888463338238267,-0.0887206308611852,-0.09411841543392774,-0.2589073459629522,-0.9093414113035588
-0.22768849474130404,-0.7444459579434883,-0.7708950126259212,-0.03622235963073972,-0.020978933794889465,-0.11579421837692139,-0.17482806794354555,0.14753738625839863,-0.029834324881636398,-0.01360255867175486,-0.01151348218761139,-0.07338642974475196,-0.028130564136891745,-0.14310061364517856,0.017244410702718316,-0.0551011939485504,0.07762611908467365,-0.05017058519419182,-0.03192804070501587,-0.02303825486163802,0.03770937464513069,0.10873924038855698,-0.09933007205929356,-0.2969402893966878,-0.01604189387080379,-0.20777083403506447,-0.12777035139640758,0.03184043884723908,-0.02608198291421404,-0.020463743156519887,-0.16994474900132628,-0.013323781166286519,-0.11820352989432137,0.04882173418585656,-0.2580852165270112,-0.025233236312327878,-0.0684282870907198,0.10527022596478774,-0.04445146893804275,-0.23384056138429277,-0.029326031349018455,0.10140854398170118,-0.022187851704636774,-0.13538235201935,-0.04125623825177416,-0.2690926226302147,-0.03929221841984565,-0.10506231284645273,-0.07990755859510934,-0.15462167952908823,0.0784440238949704,-0.34160925731239555,0.19392180060452202,-0.9092781704093089
-0.2877807892671129,-0.742274878494831,-0.7761678497572236,-0.033618414444720246,-0.09487435321120641,-0.07493174667770086,-0.18294449830755977,0.06166119920567459,0.02556345124830761,-0.005142996499049257,0.014079186777242736,0.0009350893412927164,-0.004841304855497497,0.08411587731414572,-0.016429746932752898,-0.08873328126878532,0.026370329614124444,0.01403153352921449,-0.06278751927026871,-0.16207142002007346,-0.17814583495067227,-0.17689995757293808,0.041997159106204496,-0.2362399628148233,-0.1798704251939568,-0.28322809085032197,0.026274980044858953,-0.04415018660000214,0.09370384606610171,-0.07314861574067355,-0.11928434499749418,-0.04586876548496854,-0.16780525559267134,-0.042145917267030764,-0.2366516683111799,0.10948416489260415,-0.023975155575689522,0.0039929353033918424,-0.08963802390492026,-0.10745075857043795,-0.11044601010460886,-0.20194071143983128,-0.12384874447786531,-0.0877477574222868,0.0029430064944635514,-0.18881981821484706,0.003657446342115067,-0.0827057227705299,-0.02726521675804927,0.00016695359199392357,-0.2702536291365526,-0.3614320451469394,-0.2582175065060791,-0.9817172155745721
-0.3464074250525817,-0.7064941982531301,-0.7996592897044988,-0.03784796410073554,-0.0921457345670601,-0.021807492051851507,-0.1809975176668709,-0.020509083821733443,0.03182453755243686,-0.006873538472995766,0.00805052515253979,-0.039830475040134705,-0.05094191671029247,-0.1148897678297034,-0.16826925575841878,-0.09434663232143226,-0.07073217784869079,-0.1598123929062536,-0.08817614388644646,0.1648504451706132,-0.24008355764595846,-0.11198589675145598,0.16117412837120138,-0.023430472844409245,-0.24286712307701097,-0.21566057879251121,0.061439627582024814,-0.1202747991005757,-0.0497846694635955,0.12039231303929387,0.10428569978858682,-0.022532157120572216,-0.2439981920364983,-0.0035483362522004125,-0.18631015527417383,-0.06790122074833049,-0.13927343993285113,-0.09611852829005474,-0.12824449983852448,-0.12605303039186055,-0.1535150871258809,0.10088140266594547,-0.20485558362641,0.04951651732828788,-0.008723208048320386,-0.11015130726407618,0.0950276545786155,0.08123177949789939,-0.036408240155726856,-0.2837831142908408,-0.11650070777040888,-0.231594486577257,-0.30098325826387373,-0.8221717436917702
-0.4110935433284556,-0.6504286272753437,-0.8122402380092874,-0.06218744145655519,-0.01013215672389911,-0.025892372826412324,-0.09953391996513183,0.059305666800755885,0.1604556840211413,0.00505442762199948,-0.09924964522791935,0.05457257573325003,-0.1375277719056891,0.013387647998663432,-0.17738033350919058,-0.09884372176476042,-0.3230500431970923,-0.08580151153263205,-0.04829142262543051,0.13061737662794237,-0.038939683106274825,0.19535673549977006,0.13232610361422625,-0.023712875703675085,0.021706568090401168,0.006829117070438873,-0.26607579835345085,0.11311121345290309,-0.2152142690228449,0.01664145505145398,0.21732092223963684,-0.20839983928449346,-0.12165914934478217,-0.05097525735286901,0.03664299058777254,-0.28123450900315405,0.017573179286763052,-0.12293911526463852,-0.24804953794010443,-0.09760548245706113,-0.027176356101438315,-0.09707840121576827,-0.002839786882262274,-0.4235469164108129,-0.04949096318427437,-0.010962019809344081,0.062360937046813225,-0.10274773988001895,-0.041487652470114655,-0.27803220348089797,0.09251457773891336,-0.32171771870241905,0.021018949228254424,-0.4897301728432928
-0.4508075368425287,-0.5517151733325476,-0.8552291306952932,-0.10912806743122272,-0.027707187549240953,-0.014155540661919819,0.005401206533634406,-0.06420456947622755,0.20160521929256747,-0.06184417023270816,0.167370272246524,-0.13810319907924262,0.047872072676309996,-0.038444263007050616,-0.08527445711363224,-0.03548674318152634,-0.20832092195545915,-0.3065896855456579,0.017676818855438592,-0.17255479437247012,-0.022721766509484986,0.031247149800366136,0.04511578268874894,-0.19656969261412216,0.08132609466650131,0.1198507238319435,-0.40350140192260164,0.053380311602182706,0.008612266429168347,-0.35446374431037986,-0.019333919119110754,-0.06932147289533186,0.0001753900762091476,-0.09828646503784932,-0.09523461245766418,0.14248008001294377,0.28713075097086094,-0.05941591509033406,-0.16277666266787427,-0.09310139927680128,0.012847551226883525,-0.07254406369348887,-0.08441678219418314,0.05085029874524549,-0.22960057486156216,-0.13397597875364564,0.09350863052451963,-0.010145855514838154,-0.037204144308994214,0.24056048682062903,-0.21824586929972267,-0.40329844379095103,-0.13364446043152756,-0.7222471782209428
-0.48905890525434415,-0.4215438389360764,-0.8665779005290487,-0.2168028847926694,0.09301634245514001,-0.07739284784878053,0.25755774172576906,0.03010264794200168,0.29269347969576165,0.14577592233907422,-0.41490619953282704,0.28961314736847976,-0.22871156026602424,-0.06211789892873776,-0.24384819040363714,-0.2924909581984332,-0.027241594422682924,-0.3731227935754121,-0.13644231165672216,0.33489046791249,-0.40483507408219377,0.5023332310179658,-0.1580145316323237,-0.7279619939443606,0.00017892162708976755,0.5887602166001475,-0.08876425953257772,-0.3036356129713996,-0.2714248484734414,-0.10953286646199456,0.4535957015314307,-0.26769850785953253,-0.08806832312947566,0.07373461296401929,0.5427154190769201,-0.3981967729973688,0.33258342553756437,-0.6217772538166764,-0.7064779564387356,-0.15342113231600918,0.2641433316225281,0.06084907159396935,0.0681125334966104,-0.18303897352835286,-0.21978847585500905,0.19427632077625834,-0.25279027423591593,-0.17815590603576603,-0.007011270294940308,0.05863069098138585,0.6328535662368351,-0.5262488265368562,0.020549509939375987,0.3612669680754037
-0.4434251431642522,-0.3144461267612968,-0.8955637026159136,-0.32791596601660944,-0.0294762368869661,-0.05196412918967197,0.4077026322798585,-0.1328058571512425,-0.06521902281754544,-0.31930024860479433,0.5869466262394472,-0.29148565666930704,0.015935942202944586,0.024640237661536446,-0.14827035458170068,0.07651389692457822,-0.21148847131560378,0.22803127908555676,0.22684871295097508,-0.21450676122429913,0.4768295666682967,-0.37333720668951254,-0.47984494490336005,-0.2705106114483611,-0.3156428889829185,0.14738593138237688,-0.4841342515298659,0.10007604161594452,-0.41227760317155226,-0.46205681152695766,0.016675097518486615,-0.182897016518773,0.2932045552624969,-0.22058879830576794,0.4492757279100228,-0.09389158864502412,0.5738251892147639,0.0013608914301346253,-0.27323450868881827,-0.23939330407587212,0.3041514201625546,0.06896692911395164,-0.02694939838049526,-0.24436706740832392,-0.45903628608078273,-0.009767980623199501,-0.027973792231832717,-0.19984860367788615,-0.11892021913540018,0.8959969151500464,0.17572205639938066,-0.5504434632505733,-0.23940062716095367,-0.683828334964092
-0.34026665000625733,-0.20656657239162146,-0.9359500645710693,-0.45633284431737864,-0.1255489533068017,0.09223670271966955,0.3990229773989298,-0.18294374041171646,-0.40584489203692464,0.46713933365985616,-0.6114116388078208,-0.0015295012664118257,0.09029197372626929,-0.16370960476479723,0.09861641330101589,0.1483946528894058,0.25451015999639837,-0.5963378482987604,-0.3035430438751543,-0.425696253870127,-0.5122432276865989,0.03908236433858048,-0.37755211546740564,-0.11106297343416183,-0.5690096995443408,-0.008607092284618867,0.12846569272335717,0.10298030746606845,0.35521162843639353,0.128052297848799,0.12828265158940355,0.42862480918164714,-0.2672277511300022,-0.15333476122716094,-0.2277791089662794,0.3565820213007733,-0.007465748795934313,0.281593132569508,-0.018274915312103124,-0.43120951786214834,-0.10812381042621666,0.1323460412424513,0.009731907626340464,0.2931805494666797,-0.24861963322833047,-0.15125054092143797,0.1637407745703261,0.17568247378449864,0.03867693098943903,0.6337786309097746,-0.06779546320046426,-0.2769742057419101,0.051082558434352165,-0.814760701396853
-0.12632771385645192,-0.22679620515537469,-0.943281014937253,-0.5153037105738394,0.07022942549468891,0.23130003029103086,-0.016396532956932774,0.2546168584004507,-0.7287370071813184,-0.5957715901662534,0.2504638914319528,0.169744070678719,-0.27800604419659114,0.022146936295834863,0.06275102818263267,-0.131556788480497,0.30855629089159997,0.38102973694304954,0.3102824838046261,0.5912496501176556,-0.044700789314549016,0.0007411076778911507,-0.28411427247228793,0.14965748709725357,-0.5039310281875969,-0.06978547257396883,0.1981319202674845,0.19005765716392187,0.3074084676862876,0.13894083151431214,0.2856133924692541,-0.2023869464638447,-0.6161823646583151,-0.2617061936124311,-0.30557935292055316,-0.3891429448120891,-0.4308653825855623,-0.16558636114911585,-0.2262096230449273,-0.052824154581570415,-0.2191340283452674,-0.24564833919985052,-0.23842237092209084,-0.36733000772273006,0.36833365931644857,0.008545803304222721,0.06679814775502546,0.009151925193979116,-0.15989364443049114,-0.47475812804140805,0.1926961702890706,-0.0638013995191824,-0.394437688958751,-0.8870648063040104
-0.048068361293979955,-0.23811816163494293,-0.8711894097445343,-0.6178096810114659,0.27754339393662786,0.0025135437413581485,-0.11888092513541815,0.6473033519151115,-0.0505583843365921,0.5971687347738495,0.14299664939518597,-0.35646215689758565,-0.006870963245578121,0.04903566217915989,-0.23818264609304096,-0.10615743372297926,-0.2831894621774681,0.08370584239262202,-0.6471495622411794,-0.33516370322369515,0.03428407223565855,-0.06312627140587623,0.1293634763534608,-0.06031571314068396,0.07220996997129325,-0.3600346604264766,-0.30448689706186605,0.10323859657034995,-0.348029601711332,-0.0628219224305897,-0.11124553135217485,-0.43890389960062703,-0.23669637217996986,-0.26853172348049226,-0.4717404710844332,-0.24516878458013103,-0.4006491756606173,0.019639686629682185,-0.012645404579208819,0.20386637701261656,-0.14441217825271668,-0.09320537132336848,-0.19816812137936823,-0.1651334020693247,0.42058806568821927,-0.23787968765600498,-0.084584540066025,-0.06537674806098759,0.009859524973553802,-0.5965657387684933,-0.7007157706920892,-0.17620438314469156,-0.10480543127029784,-0.9032189022289846
0.07608665012588012,-0.3592111244385495,-0.7729941999395613,-0.6418000726334259,0.22841539580574355,-0.3091035252386606,-0.30069656059686156,0.3600507167846181,0.5433609126521937,-0.5158655908306977,-0.501950668834142,0.15564053015505253,0.160658698141247,-0.1334603700318827,-0.0890312980261041,0.013704474659306243,-0.28581748962449305,-0.34740940679115184,0.4193069322825238,0.10089972902452438,-0.7374580612571349,-0.07145971473900192,0.380028315119634,-0.27533427057180415,-0.0858473872803649,-0.1329086564064218,-0.10081601516984928,0.23570007915707336,-0.05004858965612424,-0.2750869482260916,-0.26865170419280915,0.20277258991162928,0.19129157048673906,-0.32140080196239396,-0.3256651424713185,0.08886897998054843,-0.013253608880403278,0.10661514685927354,-0.07094743346096521,-0.2653647394681866,-0.3724157041496582,0.041112248737291246,-0.06874995786738669,0.05702818709925084,0.0945357846395607,-0.13142928234355244,0.47549192988247224,0.2181137509995097,0.026063753297256298,-0.7009165159506395,-0.25018856468000694,-0.08865022796654454,-0.03078879151341052,-0.8720846194785512
0.11811164897997628,-0.5042798503691992,-0.6465994918347732,-0.6264536779234855,-0.1410860223610012,-0.3740399139496351,-0.3353830050957094,-0.3339971112619533,0.5274645145995702,0.33324231745904687,0.7093523689733647,0.13772305167119758,-0.22519606362741162,-0.009475601063571593,0.0647331001471314,-0.13493439670527818,0.08452237014905384,-0.3170806228726587,-0.25696118712813,0.3404785401462902,0.6979374687082043,-0.008881661547481712,0.33689869484334944,0.16629241098066028,-0.24309237598533173,-0.04115259180103226,0.05672208875692197,-0.3971267440725954,0.4634461840986879,-0.12087802818131,-0.1626837977770822,0.15433911396888655,0.13553465806013243,0.10018679228886374,0.006197667443161414,-0.020843338373982667,0.20488020956815278,0.03770902266328191,-0.26227217873196684,-0.12213121922366965,-0.26661919318783933,-0.08464595566237398,-0.09571682201476539,-0.29181433570446935,-0.4242439882471968,-0.03443097214997615,0.07079641400719527,-0.13330547472092502,-0.039257412846146034,-0.43484111501658285,-0.1258534333862079,-0.33572127493916726,-0.1706308180036753,-0.9067248193039668
0.09741612201989214,-0.647841319701233,-0.5116508718784736,-0.5712349326087574,-0.41778378737485833,-0.0572277826462283,-0.4286813571819792,-0.6594454030184352,0.040464101895258064,-0.22488101218350687,-0.5666948643192433,-0.5248139871511387,-0.07623887501186966,-0.02158452045045589,-0.17949661259995786,-0.2477388682235243,-0.15362495234727247,0.30061236453058937,0.06992943764230941,-0.7263337096502491,-0.5028785225504138,0.1427574941722345,0.10175729821410084,0.2957183048945935,0.18599180924705738,0.024876745750908924,-0.1895284140389195,-0.5784334272947828,-0.08726529894167978,0.2840791128450961,0.07888939545960971,-0.31268959906474314,-0.31649477276454896,-0.004054351171277615,0.10236322169281764,-0.05315206130364114,0.2461644139496415,-0.027893335989219392,-0.14450006095697587,0.008853558157401631,0.008566956574345141,0.11441474393550988,-0.03991234488628248,0.08442328935905907,-0.47314519608981886,-0.14590868744251118,0.08888807924215669,0.1906586257555154,0.014918783853810291,0.18582581858274239,-0.40707241548199347,-0.11247463683086978,-0.3118277808641402,-0.8753454780883148
-0.00141896665975072,-0.7480102440566264,-0.3865025058892567,-0.47558545327268154,-0.32311319100042724,0.37077074184920655,-0.532337892539446,-0.4882827068374054,-0.4075884500253186,0.0971578933894024,0.39598009913259036,0.4245135114571612,0.4409225188473216,0.1785308647350501,-0.2305808208970428,0.2298135222877733,-0.17627085877301651,-0.5626517866152034,-0.05287876448664808,0.6378392579081114,-0.14681686934181648,-0.23113015743492138,-0.0407089885687163,-0.32951336731299785,0.4569367778414277,0.07855293482116088,-0.5168544833265385,-0.07041527217415644,-0.2710732339962235,0.1905047687184327,0.04492642980906614,0.24857454715326743,-0.49161182772023115,-0.10185820690769753,-0.19595189759514586,0.23023149940170806,0.039335167930829806,0.05574061980802081,0.11625780957483323,-0.2876377038258007,0.2097514386831416,0.12083739607037325,-0.057336932764243786,0.08991565816359759,-0.26164065391847,-0.17283813036351037,0.1420237145529213,0.04652412204954093,-0.24156161631481643,-0.054647841022144705,0.41267518619387755,-0.04212369023661555,-0.20245582331712642,-0.9493104469807118
-0.14290575284255969,-0.8059558301689891,-0.28274654428291357,-0.3324344481192527,0.13367592901152525,0.49365307680889914,-0.6366933718041632,-0.07750460019828187,-0.3582646166777339,0.045582816955770156,-0.3564127414742695,-0.14943451680666953,-0.6333703427830868,-0.6859936324369811,-0.11136956868439707,-0.26363569236985596,-0.3238206138036551,-0.10445237581505196,0.08531097887761407,-0.3458524524976385,0.41853024431337316,0.19082480275110303,-0.08800670498810126,-0.7799383300413204,-0.25705856440217445,0.02806185188563548,-0.44766444978148767,-0.07288469748743143,0.2263187019594699,-0.3016103463251658,-0.03500725580308384,0.2292145561591079,-0.3150584787052214,0.2628993539283593,-0.25651708233481463,-0.006132726647747,-0.3246174448363527,-0.06222421199350725,0.06824923277810524,-0.08412191535727698,0.25611639172106115,-0.20558278613364456,-0.18976298707618766,-0.2875129164744282,-0.021084119524013678,-0.18231808519128245,-0.33808520283356813,-0.2224794432224776,-0.10397445232861569,0.22389096518567464,0.016627013116314204,-0.17809583875684354,0.06804031433024393,-0.9046837194420493
-0.3207247902346724,-0.781647586335436,-0.2141540558402828,-0.1977922416147161,0.5073025182563984,0.12444442848815851,-0.6073572845089078,0.13650491402471854,-0.05526639007328582,-0.10984777484274022,0.0510442161108271,0.014277299652251774,-0.023848129530668505,0.8415503247656257,-0.20367839981178526,0.26130523292028407,0.2399057850796904,-0.6232547607419843,0.13461295387647887,-0.37338132922161726,-0.19122106103078018,0.2197705158479013,-0.30623677005855576,-0.5114292273385536,-0.360097736200095,-0.11935128086094993,0.1408864768896949,-0.3711324221569767,-0.2751232807672578,-0.37037700891838443,-0.07149155369808635,-0.4929727953309798,-0.06754917429652874,0.2018854425755614,-0.23910135746755334,-0.12187929301808531,-0.22130523892823795,-0.05047350493249325,-0.00184166678783515,0.018464539303621574,-0.046009052736376566,0.001133347858566447,-0.24062625742557664,0.05058551179119175,0.2772028118849492,-0.13486360075972226,-0.04343217556206125,0.12005476168215101,-0.041493273646792894,0.3413210092333674,-0.13030155337122606,-0.22537581014758867,-0.38336761914218875,-0.7489941239327852
-0.4917604873492084,-0.6706557393269859,-0.21159252424997754,-0.08615288238905738,0.38493194214913773,-0.4011588735733369,-0.5038553092705992,0.008378058908520725,0.0646096669432612,0.06826958679891937,0.15811405202965867,-0.25035160132723644,0.23816415950172387,-0.8679572169480702,-0.06831915530134436,-0.009241304325173783,0.5317815962205865,0.0592556052371247,-0.0407471979353734,0.3210478523478735,-0.048005100587272254,0.008177466449301729,-0.3011121156543748,-0.2624366989170992,0.03396059487880687,-0.3389493126440304,0.22627305507624618,0.07927006186472152,-0.4967485841328495,0.27179433131332575,-0.007477992260951805,-0.025722431364513243,0.2596665026243834,0.0010201429432457054,-0.357152612033496,0.23517820835612713,-0.03430915230183751,0.13459037202442636,-0.10394580350999916,-0.17935234808361034,-0.2842171332465093,0.09119539046736813,-0.026169519414991016,-0.09030112534487555,0.09511786177416548,-0.08054025327601255,-0.06056990766550441,-0.2110877896229607,-0.03124716981740061,-0.27584454770785194,0.35933574793214573,-0.3305864732621635,0.05366950415764227,-0.7565948889104522
-0.5743959011695697,-0.52145678170091,-0.28478213299364474,0.0184307999644151,-0.10961334176692938,-0.5630141552704346,-0.4809340735300962,-0.07852789667106652,-0.10141471765498733,0.009566267449642396,-0.42089568467561234,0.38841096107506945,-0.30640808185809465,0.49322835474331916,0.26200381505744774,-0.04720743184929188,-0.29376336479749343,0.5789921214364611,-0.20180921335334268,-0.29245539686147703,-0.052221188393990814,-0.38083769634296705,-0.09703262443674321,-0.1938713112508893,-0.19444066987919684,-0.42905608124279215,-0.0777637880945975,0.507559445412711,0.2993670520299503,0.2287895679563201,0.09982596057383164,0.21370019153416986,0.06281868328310325,0.19120258268292867,-0.2827489029441489,-0.05509092994952647,0.2675615194984138,-0.08003972588079078,-0.36771509243747924,-0.09858376110433864,-0.2937834967943259,-0.14676356140526714,-0.02182314407907593,-0.1327812724448536,0.0425012872139332,-0.02789193434572268,-0.11959790293809947,-0.11193502997959415,0.07912646883350938,-0.09361427635481301,-0.5490826334791026,-0.221153910119959,0.043932705277565764,-0.7682549287877887
-0.579555236672421,-0.34437714271066333,-0.41752334024934645,0.1076808832204732,-0.5276612461133359,-0.2066133130508,-0.5221763813072369,0.0448213500068817,-0.2237415707970858,-0.16204396043603764,0.6450882315468149,-0.45651874078778254,0.015387905016771564,-0.2100269751066255,-0.29847556944938647,-0.28534331452537487,-0.2272079753706998,-0.7455314878891974,-0.21792456025657692,0.2400228198306118,-0.725695113268603,-0.028326527253483058,0.2645993426358828,0.002490424889269871,-0.5337167081493777,-0.43550703402944635,-0.1065591726137256,-0.008386869757344373,0.32181684704414226,-0.1174645663434144,0.16394909793226242,-0.3986134619491314,-0.47317591370114875,0.04149665112273415,-0.3063272115676179,-0.13300403084614365,0.2899218803063539,0.006009732998796036,-0.39362685116526963,-0.1054272611619349,-0.21624248809237523,0.2517755489734179,-0.05482613530759417,0.24563067312791786,-0.21660007171244366,-0.1782173293037379,-0.09326881411970322,0.13667101446576568,-0.02957847351775955,-0.33753674392318744,-0.18843178954258144,-0.4115090681210236,-0.2684848886618215,-0.873499634487394
-0.4744210064633979,-0.2042212892300448,-0.5737648477426276,0.19704239889668718,-0.4475231469294395,0.33019095234707496,-0.5621200601101768,0.1259640463446543,0.17661479122448576,0.329488121323235,-0.7378467751916469,0.13498061967390762,0.12798396769156684,0.02202447642488936,-0.25434130651880105,-0.004781216721004511,-0.26124810100298657,0.18635689876513384,0.37443457979847383,0.30452152000644817,0.548320393928502,0.2305370774641191,0.26835037841196474,0.34679473755817036,-0.1693379203985116,-0.13935643231676664,-0.10000835392772434,-0.041368888085081434,-0.3393065791818075,-0.28485198797402556,0.15114880533288177,-0.14413886685639477,-0.3720122313263816,-0.4317395560243379,-0.3638144710839447,0.15512808303895698,0.04688002623507748,-0.15040780268661746,-0.26970583097173295,-0.31749076582143765,0.17246636096674184,0.12871032227897716,0.10562742907864031,-0.16162482459731253,-0.28254862672581116,-0.29301805564679473,-0.10599544081015178,-0.3250836549663386,-0.0665068449438172,-0.5738920978214481,0.07564905660764687,-0.30994121519747897,0.11668263554148561,-0.8945430420490682
-0.296760806356128,-0.1406439819155686,-0.7070773170296836,0.284228474555565,0.04129438676083752,0.5374651663481869,-0.49061159450060265,-0.12833407569139188,0.33438583634198094,-0.49057202206079376,0.5505523479343186,0.16681292356779953,-0.17579930748852157,-0.12904608774661896,0.02676009293059045,0.08648061739742552,-0.04306897527968523,-0.42516820645608167,-0.4550940622691916,-0.6934242692847183,-0.16359459076252625,0.12592619699552499,0.11410263853761204,0.030431437202331324,0.42852171134701456,0.31326842865329474,-0.09672865390561325,0.17235368428038367,0.030879801489159142,-0.3008793367219984,0.0500799579038258,0.2732296554840279,-0.017021394942762558,-0.22130092662724887,-0.18458854953345671,-0.21563475854275782,-0.2710846148914471,-0.2558313245351317,-0.2627873286573982,-0.2641772542500507,0.24185464203690654,-0.17316354620257135,-0.08401137365167988,-0.030792879070663526,-0.2031778209489692,-0.2347342811736206,-0.15409928490289737,-0.04869378703003591,-0.16539410746415395,0.11239871152063241,-0.5228051253122861,-0.3994318176440995,-0.2591194936751572,-0.9290923330889995
-0.10964524087082628,-0.15868611924514298,-0.7839343491654047,0.3304507723686383,0.4496215187168917,0.21072891134368477,-0.26446688749938463,-0.46646486188055947,0.1790983939492481,0.5300841886784158,-0.09227710643446274,-0.41434366616629426,-0.09592569239684379,0.06698999164637387,0.04437799165835443,-0.1834877363312467,0.07925682632656295,-0.019085425964797897,0.48425974714328857,0.4270067790136489,-0.43112872704004235,-0.32387149370617874,-0.09226525379349226,-0.41533162160473946,-0.012776684197028043,0.3325586981544302,-0.22575457368047347,-0.2846186787153766,0.4258602382842247,-0.048639402827090894,-0.053767799725794596,-0.2856866613907063,0.052705668913431314,-0.14493558131088224,-0.03781378367151211,-0.21947204277699983,-0.23699865259932196,0.12367349380501214,-0.09171275196113593,-0.3112501852063455,-0.06963296631700855,0.1223207940922213,-0.3141681058190574,-0.060604588165669826,0.04580642875777707,-0.2899047236597486,0.023290297812054606,0.06751762819130458,-0.01348942791292329,-0.017201812073827427,0.20866123081372479,-0.49186225324052,-0.21656145068510368,-0.9629854998510875
0.04409586100163598,-0.2448508949072964,-0.8044730362220666,0.3234835521295316,0.3869840486059988,-0.29458757587800166,-0.057661715427541615,-0.42406528174877955,-0.32779147240720674,-0.5285812891580002,-0.3663987767010267,0.17613841233562955,0.23307671709906974,-0.036142225923086246,-0.3291565559024041,-0.13062897265209272,-0.1640184989918536,-0.14445716817868648,-0.5455845216050007,-0.0057574766172753256,0.45555290723947595,0.04698465957635278,-0.1905111084706287,-0.280554625602047,-0.554080251457959,-0.018213293245669115,-0.32713343364573433,-0.5395159366218172,-0.16092539993112775,0.3824734468179174,-0.10440071253684846,-0.12702202654360772,-0.05557411374653942,-0.39555851601296155,-0.13279828060110022,0.09882493618779864,0.00194699143913879,0.02481553451859897,0.016419639385133245,-0.025607934635059837,-0.24137103690017225,-0.09709441027337551,-0.04730152469126647,-0.3609879152463693,0.16473534572135984,-0.19106659682892568,0.03924791604985356,-0.26276669437378986,-0.039857994948317765,0.07111907753061253,-0.07317353170087249,-0.08999254093229136,-0.3968313603030519,-0.9661870701224917
0.13432730236405743,-0.3828403871299981,-0.7788302678514635,0.2782246045295451,-0.05125237437839625,-0.4802094362772025,0.03112667094303556,0.07599634840065761,-0.5152097059187171,0.4495151029049451,0.5289810467171099,0.16449317319044154,-0.30996774413423867,-0.17255728614770272,-0.15431079536727121,0.12497460849855546,-0.31005269065325425,-0.1444029663850811,0.4220223270397616,-0.42238389435676227,-0.5361338799269295,0.4154066765733657,-0.29762136472170075,-0.08385869985933148,0.026844623792935174,-0.203711069805234,-0.18789223804581168,-0.03598167151382292,-0.24874039080331534,0.1196756426870964,-0.203271087532361,0.4220688568018953,-0.28753404741698685,-0.03572642945228377,-0.16813095952198331,-0.25487257259037654,0.14323496021587112,0.022309705000778557,0.029849208443109232,0.05133074420553041,-0.32311169717902,-0.173276235566712,-0.14952761870725906,0.1424328867047575,-0.011068750716701548,-0.13750923881408572,0.18167774710189644,0.2934672740992801,-0.12022923688210785,0.08663911521887413,-0.3066337578931283,0.005483451015757312,-0.09450194571127901,-0.960131754498058
0.13074228180531455,-0.5266089355897559,-0.7289695790507966,0.2095547324213285,-0.4148561268092652,-0.22550036823111852,0.07796115168236928,0.5251990389381849,-0.14001070016222106,-0.2970714390054332,-0.6303214756632455,-0.4166898808696541,-0.14161998265049502,0.09088455570882026,0.04620961908536625,0.08138797692855304,0.19571373130279368,-0.516512800329352,-0.18701955058529085,0.4571425968092264,0.3331679008081698,-0.19718979198473807,-0.20703836343203474,-0.3909748546102635,0.4578085636831588,-0.25453264392843533,-0.053854758821485826,-0.004045735635939018,0.22755274957822724,-0.41688483324097025,-0.16041112868082585,-0.06235700569536884,-0.41896603414055467,0.23683506247123898,-0.10944197240618281,-0.026612608787595415,0.1407847872129755,0.3217805555102451,0.04440453025521096,-0.15424972017078586,-0.06449172357500976,0.14123185244271075,-0.2570621775635291,-0.15917839817877,-0.14954871195092834,-0.15939298538444424,0.2236288176802843,0.05199573407211311,0.05373167132403567,-0.5260027576922176,0.1825718682463291,-0.03579071813012491,0.1214134997509384,-0.9247959048358928
0.06199645028782497,-0.6513710590906917,-0.6853388308291543,0.1472838386218578,-0.3582558924791558,0.14795540211500824,0.1351603337752474,0.47398079818479255,0.22549216470949895,0.0997085120848602,0.41581988475690435,0.2731515518980574,0.23394737206800764,-0.07311058284226424,-0.018295222555875235,-0.22160520645813886,0.2653691152412707,0.3503871946556676,-0.019167796162583572,-0.4585751024032265,-0.28703127090765945,0.16811481639333326,0.28696529733732956,-0.5804915305734337,-0.5118401186834692,-0.3373356966692048,-0.21922271215257316,-0.33508762171664064,-0.014355259685012278,0.08853445852291397,0.20977099991931714,-0.28382993831084224,-0.023373278536927167,-0.03101583537398178,-0.07470474710068764,0.3500959613845913,-0.301554851699955,-0.036056104797803634,-0.07071152501786448,0.12240953429415558,0.4262665877216356,-0.06661537178979449,0.10381572767079894,-0.28717430803277877,-0.31957467538291584,-0.13427848974771295,0.037325691778516745,-0.11478345103593968,-0.1093138197104645,-0.398286753118374,-0.4384426491177418,0.02021214262151738,-0.3759217533723981,-0.8798079136888275
-0.0704510004913198,-0.7190468633807663,-0.6496677058828922,0.0717597282552851,-0.015244211427257515,0.2187975783659497,0.28749885389477536,0.042613547202169366,0.37464159085421156,-0.010732197663501641,-0.1237240859452946,-0.12014844952069703,-0.2521630353964539,-0.06495515469352064,-0.10114676244859244,-0.0168910809386722,-0.08175929590929043,-0.050226124306255615,-0.12695138763512337,0.228126190488654,-0.2791742497428883,-0.5445968699714765,0.23004969859354052,0.08009494474720413,-0.316687893392849,0.04865088609728696,0.37753933554425023,-0.0644626205133978,-0.5664357714344153,-0.0013782273847223747,0.14767019241946322,0.300629123230856,-0.3285522938701918,0.1769942186092044,-0.33565354765686206,-0.16283399337932092,-0.008737830786276324,-0.14432278421850575,-0.04829054869624194,-0.16663587322144513,-0.3859102245460587,-0.1861326923986778,-0.22668248706585492,0.23715482694975165,0.20902323556016178,-0.16366080437824648,0.23397147099497095,0.27379983414723497,-0.17810974898095366,0.09154543312537977,0.07394624273731543,-0.09496969738758443,0.22017421832644946,-0.6577493711977647
-0.2593134565375669,-0.7105676587368186,-0.631552467402218,-0.024270789399679416,0.20571161852157394,0.030807950893911862,0.3993611283070013,-0.19463328898046928,0.12701789824914456,-0.08261875169033994,0.011879680842154183,-0.07224400106218709,0.012650104607437207,0.04683658055965445,-0.0963106017908556,-0.08343974613428595,-0.30663686355133035,-0.15360591771315446,-0.07970540607921117,0.1080090183938811,-0.0760869671519121,0.08532029991481682,0.24927530398787323,0.31551774195182425,-0.21808756063371582,0.212597621140596,-0.3410900920444264,0.507709767091407,0.06482333384058214,0.24907753624039164,0.055702063920356926,-0.16462518204325016,-0.03356920393359519,0.3994422115480005,0.061874241238509375,-0.12673159424795022,-0.24177832967738289,0.24055757351402351,-0.1878598459148546,-0.18797935112619746,-0.03766280516105047,0.12045082724804601,-0.2324927232505548,-0.48044156476001376,-0.27313338838548695,-0.09819466587627512,0.009412976157373354,-0.13602348167508382,0.07580010287841521,-0.3971204510397476,0.12078741870278109,-0.3878769325041783,-0.28489099312330746,-0.5389276360138712
-0.4215103323734396,-0.6141293383549797,-0.6682681221081491,-0.13576856854702246,0.11830805488085883,-0.12074911618282014,0.3231505678188704,-0.16502684843240223,-0.09378791281660459,0.05887281003583622,0.03353652671675711,-0.014541531696095622,0.06573425487876117,-0.10498879401153915,-0.10104336433677907,-0.12255262383282273,-0.1949450926778843,-0.23778759357362456,0.040931092061343044,-0.08057302237350372,-0.0531099298700245,0.15644054761268245,0.13809703396774653,0.08726290739768405,-0.05242012887311209,0.2835346815362829,-0.4160641163906533,0.1488570932914164,0.26860199059847734,-0.19303813723201624,-0.32988308951662737,-0.4822685607989772,-0.22810706973842776,-0.16862806270729946,-0.1126629122438314,0.48433569281654276,0.2566529537676181,-0.3040224440897532,0.0038228044013164375,0.1813416158584391,-0.1792172692447711,-0.11929168889480368,0.11753109532779615,0.005308277253576854,-0.027330185921162542,-0.10131352130819815,0.08018803506597494,-0.13127266293923034,-0.13816016171741186,0.3275703229523286,-0.24276810754185507,-0.3052314524023574,-0.23977701491123016,-0.663630774363011
-0.5553129650668189,-0.4402761680053491,-0.7122290777448579,-0.27758617423357257,0.049842394341233165,-0.18946293876475284,0.2868895131246376,0.1722001097038226,0.015107956063530326,0.009007590219110462,-0.28623039605187495,0.24504484629206913,-0.2943182894747881,-0.005507869378306385,-0.28169186276543146,-0.2147051582757289,-0.10193955983348635,-0.31301795298877066,-0.13321851774156113,0.22312291330202516,-0.2717199429979319,0.398857319137903,-0.04390430506976539,-0.505027345138521,0.15074738394090548,0.49161707752785344,-0.12175878728699818,-0.37598571423781413,-0.33520263346703016,-0.08728072265787568,-0.07977349357943664,-0.16109771272205164,-0.17733161952137877,-0.26395651192070957,0.4099430620145006,-0.337244533213491,0.26710640185769496,-0.9414730113990314,-0.31731186792726696,-0.1304728021792504,0.1626670967062045,0.020855451870551933,0.02160288959434986,0.41136715021453507,-0.11073078323110674,0.37253019637422913,-0.4267484204413189,-0.039901189707992946,-0.007244197363836968,-0.18406191549786766,0.6763717292003297,-0.40167957347835104,0.3356468886857804,0.1457340953597588
-0.5414283695910553,-0.2872925275955004,-0.7913914930371712,-0.3694836478597219,-0.12066309547584853,-0.07830831297636243,0.17212396164129373,0.11257517242203141,-0.05315184928775896,-0.1420263788582914,0.4605291267633076,-0.32545778273428305,0.033824621564945145,-0.016719380042687138,-0.1368296297985796,0.13431395484396003,-0.12591207617200628,0.04645419720500277,0.21471163195542275,-0.21842414734744997,0.30716849043169714,-0.3213049258603643,-0.2637151517576627,-0.3067922276376901,-0.08768776160467817,0.03741499696425565,-0.46953862094978216,-0.0069329514015377125,-0.24350883099152376,-0.4108707990614249,-0.28884449959082736,0.04845954282036247,0.3042278050039997,-0.3007644449342758,0.6033290615901967,-0.3308366531673156,0.3773144944891993,0.09940972846553287,0.036411433780392244,-0.5825064269884801,0.2326599994354397,0.18977591375393166,-0.18433832512450332,-0.3757014130165448,-0.5282376019723207,0.19259502668344974,-0.47711197136026073,-0.3792543076155074,0.12539401929089888,0.623565261750344,0.09871971366875432,-0.44814641364369745,-0.4807167541710686,-0.7643814240149785
-0.40750409272784416,-0.1498575201285438,-0.8831954435949548,-0.4395242560039522,-0.17540808931425955,0.12943774495031035,0.02009246119265984,-0.1273318384963804,-0.18495479248397972,0.26596270707047265,-0.5781485534199591,0.0603178791818737,0.0861887235187686,-0.15121994438006447,0.14900537541302494,0.113141868046305,0.3412788060913483,-0.4639540548727471,-0.2204862896254396,-0.3237285915344592,-0.3341936641202188,-0.059873301408759017,-0.14158199125852922,-0.18717945947431702,-0.48694580433999035,-0.13075600179911984,0.08332721759972661,-0.1708223677598779,0.41237569132638985,0.08543457848315095,0.08813250141621687,0.3136449266822774,-0.2526452841321678,-0.17319422678830299,0.030496634447640947,0.38323024817524387,0.010698829436248669,0.2971373653888052,0.1562598460579796,-0.38868011831960625,-0.09413516736427185,-0.14275140735757363,0.054401036620206344,-0.04143607283530126,-0.3277248766982488,0.10187752662345684,0.0962942429457927,0.10822679501423638,0.27139926098427836,0.8533478111590833,-0.40466644066478075,-0.12418069474180671,0.12289966159554355,-0.915183288909899
-0.14699572513908443,-0.16305357377084695,-0.9177819875844039,-0.4307805134199224,0.06601104152404091,0.25112134027142563,-0.3331142095112388,0.02122590360248111,-0.5097155587276823,-0.4068500225931637,0.3659272907122886,0.13010448293879762,-0.2843508920986182,0.0413447563610021,0.031158159410789255,-0.1701998377371,0.28289057123354544,0.36174026295740647,0.1669997660109721,0.3899373631442915,-0.11361633704133445,-0.020987449461454033,-0.12945200499967768,0.14114907352782202,-0.5069563916980837,-0.06250005349416665,0.16972781751700272,-0.019473554805610083,0.0762152217100458,0.21703913643937,0.49744963184372804,-0.05900840553215114,-0.6165221138700614,-0.2525860485935765,-0.19727556260451984,-0.35609690665559046,-0.3754789902203274,-0.1395738813726447,-0.2048439918666577,0.0867919326250215,-0.18038095736387383,-0.24489821342123175,-0.324313848633749,-0.09124049769516929,0.2730504977459631,0.26311385207198823,0.2450847248470187,0.2796868107375008,-0.12459010075000554,-0.36297860782900637,0.3098685295310526,0.14044721255142845,-0.4412158943293668,-0.9050805560534678
-0.005487956528828275,-0.20068787598047988,-0.8550967204738315,-0.4662354121606235,0.27902974139789327,0.01156638547789779,-0.3442403632609561,0.3211354413063767,-0.08945840084680323,0.4406862621328915,-0.012978337845701349,-0.38141289423343405,0.03421295155479753,0.037211204863851766,-0.28625126589482874,-0.07940784833454462,-0.37057881168325446,0.04291827124673442,-0.4750348297850986,-0.18134791658304672,-0.03932070579055469,-0.08113443528640496,0.04458530316823772,-0.026470416861370194,0.11578758957018098,-0.13310436889419586,-0.35278545080427404,0.2148330875819886,-0.3854972654708324,-0.11135721573216883,0.13331845051240787,-0.2594513668882591,-0.28558384807268855,-0.048636460690829275,-0.44237829892812686,-0.27824775466607965,-0.33395187736290755,0.22416865112436368,-0.07048760108413998,0.11528580696718249,-0.16886785712774,0.08078098215955865,-0.15930684565323605,-0.34754234490817615,0.4241779300234616,-0.13330028346629352,-0.057888480568421774,-0.06766030418785696,0.019372728958416907,-0.5320289956802517,-0.39617837306275805,0.0300282522702231,-0.09999456980361976,-0.9074560421437319
0.14658264077118988,-0.35161944872296214,-0.748873243992684,-0.4537744004080422,0.2042117312348879,-0.2693690899453123,-0.4019985451466449,0.21500713389524773,0.3386412830577037,-0.3919400209095999,-0.3639852271044788,0.24528920252734854,0.15219865106981034,-0.1459607680716588,-0.09525340212549915,0.030715881112056698,-0.3413164080059665,-0.4373107219801097,0.3108974323152245,0.07115324226155684,-0.492254963576947,0.04757264944970263,0.15522179943953618,-0.37291218470493404,-0.13974236753110858,0.05758304289094118,-0.23023090607852847,0.3061738413616668,0.07154235795183972,-0.35671665168858135,-0.18426736330970805,-0.013126690410270592,0.16987076968385995,-0.16574088627120775,-0.40355640615620203,0.23291362516308345,-0.018559671569224667,0.07798509626610528,-0.18812332860448788,-0.11520668342801965,-0.2432250434808294,-0.14561910905128883,0.08969572892632383,-0.044963205500660464,0.10576469401669053,-0.20001784801508893,0.49759950765166283,0.2505315134373103,-0.027166332670398252,-0.5368696862108608,-0.36705153849467353,0.11072778630294744,0.09807979148935297,-0.9071121697812478
0.1847280998874643,-0.5253004927932619,-0.6090723323507778,-0.4266562083641705,-0.13045531452503611,-0.31244421920264653,-0.3237246789594821,-0.22309148200062134,0.3861238826878959,0.26368842596600683,0.5511361788222553,0.0471878628732334,-0.31290755514375457,-0.030564868459002748,0.05185754674019827,-0.1508444374835166,0.10158119871137461,-0.3153021736576832,-0.13000435922135667,0.178645865907596,0.5422770514315882,0.08345327994359897,0.045427459918914836,-0.013095829050001284,-0.32408186960787,-0.005171485454178559,0.12432140787571844,-0.42656616149216553,0.34342380265385986,-0.12447962115025835,-0.2568299796729515,0.044901724414579514,0.1505700144543507,0.011194359986348434,-0.18628115784772648,0.03819137600747702,0.18701940042455933,-0.10990308193509346,-0.30341519822488294,-0.05349981935251491,-0.2581950503816193,0.04829610005800311,-0.21293471483197723,0.06928319435808472,-0.3051447575769429,-0.28104316187469247,0.05001352702171258,0.01013451743466165,-0.23192024376468545,-0.5512312208367047,0.0031059763504821536,-0.21537580128592726,-0.27604012064580397,-0.9437681731108809
0.12243649414747826,-0.6764582566860309,-0.4628140235827465,-0.39053790870602423,-0.35075768497782367,-0.06548190506575968,-0.2638815511288356,-0.43618190628529585,0.06788769658655025,-0.1913164224442475,-0.4604049983912353,-0.45439163828299156,0.014562445154343795,0.06739479139758697,-0.18174033991863436,-0.17221008379655267,-0.02675299749911697,0.2547664447655935,-0.007002453690458488,-0.5149995760058834,-0.42685493588166046,0.1328985405943286,-0.10168014656601654,0.16453632031191545,0.17935593373404668,-0.1625710241170284,-0.0347886009729933,-0.5125268594705494,-0.1404954867353927,0.43576958168839486,-0.07035781125825002,-0.17799295933839454,-0.25574224943031587,0.029183433092949018,-0.011358331512902886,-0.15139307723522577,0.14949579637405042,-0.0061696117745425605,-0.07110324993686756,-0.187363560491989,-0.07656406924636894,0.24003632195317537,0.002853817665196212,-0.0894910375644189,-0.3986569174902549,-0.3244430951350612,-0.025717024130507027,-0.10823145017816893,0.05046242646202237,-0.06382295798801474,-0.3326520981910315,-0.34882659492386636,0.15982908536617524,-0.8372112188555888
-0.013970147855039805,-0.7729863762773863,-0.3480730038616332,-0.32297070867422306,-0.2671059231674521,0.27246784831634874,-0.29197407581635904,-0.3197503534411381,-0.2961108057204497,0.07491123891901519,0.35084317602372583,0.36521380042451823,0.3765425327924228,0.013333440248674222,-0.16030035947876742,0.1653012411830932,-0.19628914503404804,-0.32114925963730934,-0.07210883809196589,0.5025897516355229,-0.19282948285058166,-0.2568563639928305,-0.024181735575020347,-0.35143672193364595,0.38822969172848576,-0.2241710287352917,-0.46079825287237297,0.08105180200859974,-0.18533765547975012,0.2417437979372128,0.03176441775315686,0.15657177400557964,-0.4878921185531322,-0.04793780540861958,-0.11750455194953313,0.14968279570083198,0.05003594581128734,0.04705225393622192,0.055032885020879885,-0.2433372230199996,0.14081490419535947,-0.18127949491042383,-0.02471747951764014,-0.03127843965058563,-0.29940580927535565,-0.16760234972547428,0.03622204078287261,-0.04050607567252251,-0.21137232572156917,0.010786325215785375,0.037781945537115114,-0.3598050500349551,-0.41971366362505236,-0.8921833661823666
-0.19145610293412885,-0.8045933838444356,-0.272674948126591,-0.22473704612699075,0.08396015687362879,0.3706315695376494,-0.36874624351872376,-0.0326243312599932,-0.2632448429940343,0.050244929365391267,-0.32299528336224015,-0.10232990264811581,-0.5886995917446568,-0.4588806296035911,-0.07362751515444199,-0.24906231064780104,-0.3430597477222014,-0.19899034008466965,0.04456884947116291,-0.26102721055171607,0.2911400531056181,0.05892081460721976,0.12660454798923948,-0.6467614213432757,-0.3177957895862341,-0.1700634247097782,-0.38291510400452267,0.019492983538105912,0.1915085148596427,-0.40763161918575297,0.07580674793498243,0.14241066012964199,-0.3579663145562726,0.1405839911232294,-0.22695183942137998,0.023023273384058518,-0.19288225182881835,-0.09844769426977074,0.02550263731291813,-0.031653505926278136,0.22926143605154925,-0.04339264978503432,-0.3583173677008209,-0.09198450707881978,-0.08312445137234958,-0.13984893972473245,-0.20253826787003715,-0.044033837449925284,-0.04551110309412876,0.14046774918925764,0.12403451439705493,-0.22209939731231443,-0.28482846630594905,-0.8612229958911205
-0.3743891301165151,-0.7475094634850711,-0.2582912923281576,-0.12624847371804904,0.3572254409841644,0.12208586744227246,-0.4415024274374185,0.0645547499642396,-0.09691221968922015,-0.12734422793486067,0.09387417349365057,-0.08209268908739242,0.02239491526438253,0.6207794199466883,-0.23480738217731623,0.2019129788801841,0.27980202500708873,-0.5768890375394305,0.1696072910954607,-0.333543176987552,-0.10370158039804955,0.19732681177569455,0.01574394251412481,-0.20397878561367921,-0.3918377817780577,-0.07620690638341854,0.1546107181480536,-0.33637238278365145,-0.18222783654807684,-0.4425479066161677,0.042872565343565094,-0.31321014648367296,-0.0581631072284412,0.12263504839732331,-0.3237791467948684,-0.022450075216733256,-0.23945978840003013,0.02644142941025751,0.04514933768350948,-0.12023325639729798,-0.00958176852873871,0.1902071596608481,-0.03537681953361893,-0.010255198581293645,0.21057164526486538,-0.023886664503709798,-0.004522873144498174,-0.07747973218350668,0.032083510113524616,0.2958794794795232,-0.06609740896172689,0.007466620923025191,0.0016992960521129419,-0.854527366212406
-0.5411634621992187,-0.6088457569105663,-0.29568288314095137,-0.05238310495147003,0.30144842994768273,-0.2797318865086563,-0.4399347808524523,-0.005867880033767148,0.033105925019330185,0.11415399920473557,0.031519559005374065,-0.11406732461817093,0.18890800142555886,-0.689073649706803,-0.055551674908668414,0.04613898073585587,0.46636721388869185,0.11536758581449424,-0.07091009421712968,0.23025595644191688,-0.05456096727581061,0.03544813191910734,-0.1112236516752757,-0.02683400719123219,0.2069319505024101,-0.006195378577999899,0.2109470946684333,-0.0904088802398253,-0.33116460777119217,0.3189862849237284,0.045767484379092505,-0.0191570053159259,0.14070881762296628,0.04640078394100278,-0.41834999355913904,0.17819992187191347,-0.1716326552022266,0.07150156198241753,-0.17393112367860875,-0.2492627641952433,-0.24991214754744273,-0.19311634543991152,0.01919808230383646,-0.07309127393594284,0.1732923232311756,-0.10560123457553461,-0.1437082120977332,0.006962424878840023,-0.16452395190961133,-0.23007393372367568,0.07614139374958051,-0.21442118028259138,-0.12486932066225032,-0.6680615895163988
-0.587192260675538,-0.4504700724563242,-0.40154651914997175,0.03144813777105471,-0.042766809906022774,-0.42405296637385526,-0.5154600372591884,-0.06834884296071297,-0.1171589827245223,-0.089119943096713,-0.19676263523137316,0.23700766125878592,-0.2766724539937291,0.36841993295222975,0.2538745028119742,-0.06009786951213014,-0.31185769806649255,0.47223696372343005,-0.16726688827377822,-0.24046895113514088,-0.09622916310437546,-0.46958481964682974,-0.09711880728129862,-0.2120631896380648,-0.08886411246784631,-0.07300629772485212,-0.31548456317492646,0.3385516592046469,0.2247279373234008,0.3283091696232874,-0.039690112988923665,0.09411791960271754,-0.007444530418549089,0.11430820283006016,-0.19899116024346186,-0.04854950487320697,0.1330932022863136,-0.1239718014389597,-0.36189018687066954,-0.10500808646529092,-0.3090792500383164,-0.008493494840263849,-0.27194151214251194,-0.07802870156441932,0.15813294969542202,-0.2213964139335115,-0.06387046237246097,-0.03742215989693676,0.226932706081292,-0.2725054008880228,-0.3676163616206424,-0.15953154464720676,0.011092637325129218,-0.7564763122337336
-0.5471455858262115,-0.2846347186990167,-0.5388661086751851,0.10108679492504336,-0.3776129880102055,-0.20163035302060384,-0.5389055930643708,0.0032467994055118687,-0.15755137110518835,0.0003628260056103283,0.3781012643044386,-0.36527459690132125,0.03337114610893033,-0.14181617874088404,-0.30620032346544956,-0.30231897564948984,-0.2293352306836104,-0.7533954327299985,-0.1837499493185698,0.21739709802723972,-0.5986987176344136,0.015041777042231974,0.12274549302219273,-0.20417290825057255,-0.6654990568901609,-0.2474130995466779,-0.2806425303758717,-0.020224566672892186,0.21205823265002688,-0.05546042411564556,-0.10538728232508698,-0.2606173758090963,-0.43739544945160946,-0.0459077100283688,-0.10240450984024319,-0.1082702041664062,0.24387476154357746,-0.014608048328068945,-0.20525210588797682,-0.10630354681789356,-0.3133316578905615,0.2677320153494287,0.07742928380290803,0.07503187952464163,-0.11998985519330807,-0.10062242214300787,0.09420461321587603,-0.15184652662576392,-0.09134324851401043,-0.30626515194334436,-0.3002759717403347,-0.44039952249989045,0.05065589699683759,-0.8495194778989873
-0.40119479406038383,-0.1746099796204037,-0.6759606276854367,0.17257156185812939,-0.3734289188057509,0.21071550562433106,-0.5203400688498496,0.04886925611994708,0.13449978273264485,0.1127624668638243,-0.538723275793535,0.1603754687460568,0.07085589826831917,-0.027752121825611265,-0.28512920878664405,0.02802912909015043,-0.1889223741910333,0.13509371807709836,0.3511776856987414,0.21617260022373164,0.5009623678980251,0.3536938581060962,0.035857232426318,0.2317452636394457,-0.28195895868110055,-0.19781659767564075,0.03562998561751307,-0.0645027592659213,-0.27221530363946356,-0.3366870289137639,-0.026622290820426997,-0.03781104091497689,-0.39353904399600903,-0.3361872949136884,-0.15706276856699763,0.11454007732833515,0.09936271900325444,-0.08570369086540397,-0.1005819049005312,-0.25563039174234725,0.013647683684751666,-0.15369746547550833,0.059552711849639506,-0.06762929137040152,-0.38818164579029457,-0.12150319695054457,-0.12318130530741456,0.0030342417287752,-0.10123299894303128,-0.4580373927731921,-0.0027920914515076056,-0.53951908103859,-0.07645470962008072,-0.9228749626730504
-0.19854534337830065,-0.15671442776921862,-0.7707629258248054,0.24252310367093677,-0.016997630419305798,0.4211394711031864,-0.40157408605824474,-0.0972593888344182,0.2256157153801992,-0.24728213778325026,0.49414562797208395,0.06231020671370713,-0.17470863533123127,-0.08435702657583333,0.08655319010797391,0.1379242696839178,-0.009661880747571572,-0.2985051573876175,-0.41835527755453095,-0.5945738254679971,-0.1654506864087445,0.11476062785487984,-0.08643067456762621,0.017842992437517635,0.47005883839826845,0.08118597275579753,0.09055892961299006,0.16773319120808594,0.024111552888054666,-0.2786780608965984,0.15772758727677116,0.13826171662054265,-0.05904172510610106,-0.20452671722269955,-0.08845272236194601,-0.18737955202426904,-0.2119320155541815,-0.1923457052206644,-0.18640996413902255,-0.16355008626000467,0.256328399255074,-0.03752083566009623,-0.261551968366438,-0.07638916312261113,-0.3427845965535107,-0.06260206163703441,-0.024796853761776316,-0.10010060374048868,0.1505187145769198,-0.0071931830553710885,-0.18962374372857216,-0.23106974047671092,-0.4684327902156633,-0.9378630546102908
-0.024888720200088477,-0.2133380983221136,-0.8027971015998483,0.2674209178456042,0.3335119442129433,0.19183711133613346,-0.1472980985064618,-0.29289984832990734,0.11594810655099952,0.2913816472529416,-0.19728783264115324,-0.3577218672840885,-0.019013801735749958,0.03757460677765767,0.06815000341936295,-0.24903582948430758,0.027470839391942503,-0.013031520436178945,0.36233775456670236,0.40809856806986944,-0.4692531664590427,-0.3712794111929475,-0.07251665881414748,-0.46999806068989936,0.05487655866440799,0.08461854583550688,-0.23559980879229991,-0.17280060775184325,0.34317941445247313,0.02043566706136124,0.20535341573886945,-0.266605766337383,0.087689473938529,-0.1680422731183735,-0.14625343013474723,-0.17344289700285764,-0.21757604965204158,0.11562441640900878,-0.10192457940314281,-0.21294369754685638,0.09144325552510058,0.15335095775833407,-0.06608127484096249,-0.1420389871962775,0.05115338672251313,-0.024587758198894694,0.012152456231112385,-0.07266730868204851,-0.19891843074175575,0.07578447471480532,0.02396968923191589,-0.11759556742131394,-0.07145672166580497,-0.94992230263258
0.0920382872126464,-0.3264150556808346,-0.7870435803440352,0.241523117098001,0.32567097495401587,-0.22892373712780723,0.06656495423251707,-0.25293764655751605,-0.22787327543629,-0.3185143608095006,-0.16537320904991382,0.24575797759925622,0.1623746914165376,-0.0171033290892747,-0.3654681036030587,-0.16960405573724813,-0.19026503520957938,-0.16631493049831747,-0.45328384478612505,0.027033373211418743,0.3985685767479532,0.020515715160427828,-0.023225195646029206,-0.28570983583660836,-0.6344269601955117,-0.06559954505975352,-0.3527231290162104,-0.4165982664907515,-0.10055302994146809,0.3005501722573296,0.092788230170056,-0.06005139896098488,-0.0666810592467405,-0.29830412914754234,-0.352926556596288,0.01957922311665694,-0.004301537823407586,0.035587018460792263,-0.14918605182432243,-0.1278440809954451,-0.20401562287682296,-0.22432259181448533,-0.05294465409851068,-0.22352981969220675,0.2347781035330041,-0.27583376237102597,-0.08118066637142396,0.17104745929522047,-0.08282574040981538,0.08623378398886405,0.029057440608476703,-0.013185632443817208,-0.1954733252961326,-0.9089975389410747
0.12694374773816341,-0.4649534079580324,-0.7456763379975564,0.1808684622388581,-0.030968381260165212,-0.3997175367113831,0.12799290503132155,0.061830939192477175,-0.34906983742460795,0.278539400789668,0.3391397280101023,0.0047052376577505495,-0.32287573852949036,-0.1908601148341601,-0.17129953721369917,0.18173989566701754,-0.2581005314195123,-0.15549484032968752,0.38669443753469035,-0.44902037431364483,-0.4064430410098048,0.3431256351714864,-0.13563466579867411,0.10537459878462507,-0.05929338307415932,-0.08187946330662388,-0.15287943857897657,-0.08160047954244942,-0.2148531552674494,-0.02868180989584912,-0.2261256571972422,0.33021709573710467,-0.32626153892646126,0.023951854534611128,-0.3341599480559454,-0.18625090069151962,0.13034116581588484,0.07602175710923031,-0.13120824962822264,-0.026388699790903303,-0.3827103305882913,0.026493086946013378,-0.27454787006975123,0.06281189314118074,0.07754160292456036,-0.4488483377888346,0.20500793776888449,-0.0034013584982062195,-0.005081430950131471,0.026647781216916133,-0.20851656128240992,0.0148590529968875,-0.28651084089441314,-0.9575388778338096
0.0886012296348635,-0.5947352855706463,-0.7031331202747837,0.11225746274465709,-0.3402784766743494,-0.1823588785537691,0.06246019570997863,0.35228200520915887,-0.14224211002441534,-0.19279419205234072,-0.46181217878572645,-0.2872738028048708,-0.029278224674504028,0.13307326886812465,0.13322994703809488,0.12937264964725204,0.2767952067225292,-0.46562007584472376,-0.16847278441949276,0.39511128097817827,0.21922813968466914,-0.14362279180696824,-0.09802237689573257,-0.2156811825632684,0.4376441799635482,-0.05744121527232815,-0.09075815885753613,0.03380561038801955,0.15112298068091534,-0.328093162869157,-0.3207877548217023,-0.1223009372276127,-0.32064143954190427,0.15067236130922246,-0.05777970149648004,0.0280509152152304,0.046235355896308006,0.20796715254385223,0.038358841559529955,-0.0952285718776047,-0.04639017342892471,0.136584854041911,-0.06962287309994741,-0.1596614736390275,-0.14544568703074756,-0.25395708658972294,0.22260614684837887,-0.026160733059712005,-0.24546679360055745,-0.5125185240284674,-0.17708408180692425,-0.1744047037243056,0.30671147603857074,-0.9714834950159258
-0.010227626790056177,-0.6854765315248051,-0.6728002791120035,0.05532866557544702,-0.300989541596706,0.13016349535928362,0.016066998155264134,0.3189089283812907,0.09343392557575303,0.049099346864584836,0.30331813254255624,0.20235837964123848,0.1363552403870134,-0.16450835785978857,-0.017353494622957877,-0.33203048369030064,0.20890079183351684,0.370625312823224,-0.05415449286264051,-0.34771540810039037,-0.26256591371941196,0.06636668233707921,0.30443031300081813,-0.5658794404032577,-0.34935620681423896,-0.22530505530819878,-0.21859056225707574,-0.3070701449381307,0.04284080485364328,0.16838135328350146,-0.07605538311620053,-0.20702848582199262,-0.00732256926473529,-0.04842033232580001,0.0032162680397742616,0.32491461506430874,-0.2626456717148977,-0.06809581494381323,0.10598344324832443,0.06395696852938593,0.30285051382139416,-0.17095785580083733,-0.02960078365432628,-0.0709573157808413,-0.3346726061648684,-0.22420788771208722,-0.031028664565865283,0.109245674398053,-0.02948344588029239,-0.4757835961424972,-0.2539386038950724,-0.29411069493383235,-0.3286531846733316,-0.9536258475020933
-0.1366886006288276,-0.7309906239137234,-0.6485367021156101,0.008757358702917273,0.005681025032775455,0.1800842084504637,0.07069697991936907,0.057397623703953515,0.23964355720370034,0.026252438644138065,-0.10010703841957846,-0.06488458120785145,-0.22785290475722741,0.08045847244436022,-0.21858738222352525,0.0025961863354548864,-0.19714952872113956,-0.09715354764728301,-0.11654875499214645,0.16519053534649708,-0.26736612833985884,-0.4617158375958522,0.18679592644690302,-0.016060212278594888,-0.3652298415911741,0.01140328476363095,0.3152796507395146,-0.17498131258861738,-0.39426979397709727,0.1446107017890501,0.051926916913508814,0.2644305569883081,-0.3965232277657591,0.14344958169498545,-0.19615106313888664,-0.1535969294547711,-0.034510872179927876,-0.1940680516258485,0.1263225045505738,-0.23174597314554568,-0.386135583925443,-0.1023208955786814,-0.3370748169343961,0.06548024438916267,0.12124017764280848,-0.06776951269356712,0.3319093466944181,-0.04329472666705525,-0.026070088966494098,0.004298395791891618,0.06340361159012553,-0.09027453902339977,-0.21791608627198844,-0.6598165579285603
-0.294932406074745,-0.7118174886796536,-0.6416727590129259,-0.04183420233342139,0.17390763045769808,0.01738483828415105,0.14138497486325874,-0.138797606807467,0.120138106675858,-0.11390655920960513,0.0565081171122821,-0.15573710516563033,0.04609036077379591,-0.11660313397218658,-0.09682209108967199,0.027561920306130805,-0.276593161933807,-0.2623722471898815,0.011037257524917798,0.06956217852527846,0.012190220586320688,0.08546693061247201,0.14876825880007338,0.3139291525007164,-0.21103106963931617,0.04785888515696102,-0.34634821832952756,0.3650196650518822,-0.008138568931285062,0.20134197555889033,0.07383830455877916,-0.12082854862975145,-0.1794360821224843,0.3123446492108808,0.050255107650330144,-0.10227656779389926,-0.23484922794903196,0.1922987474607598,-0.04888294086649436,-0.14167303928616026,-0.07445594833095548,0.011583851757891228,-0.10528630185770538,-0.45977273139822383,-0.2590009734023142,0.23128828973953763,-0.048083888906485184,-0.028478903461787497,0.018321504212088113,-0.24076395255872274,-0.07349081855658324,-0.2319585758404532,-0.02519085274266153,-0.6492434709211451
-0.42725654850603867,-0.6209569434671776,-0.6727705908343912,-0.10929414586415909,0.08473705906182194,-0.12196095162640752,0.1334223143222144,-0.17014206278359179,0.01839566965512529,0.1121201231496487,-0.08827568986361578,0.08562329511807043,0.0073145560120690956,-0.009077003192986766,0.021441498772660772,-0.12838369117068227,-0.06643893225396158,-0.22068926872633765,0.013526612506848279,-0.11737213916983669,-0.0272446281994444,0.2180141088798775,0.0836313900863146,-0.006249874512277098,0.05481538065884117,0.16637429262482062,-0.3933144430584733,0.1854347721641343,0.18339580447668635,-0.2508340102274398,-0.16642341117539805,-0.3685536562009327,-0.2432848551120218,-0.15084389636732265,-0.17464011774774246,0.3806329278459786,0.14057311308892118,-0.19389294442469196,-0.059501895891714396,0.12804315543768996,-0.11592322365676211,-0.1421323270918231,0.045972291379215546,0.08111302431999268,-0.010240558930339594,0.014898306671725647,0.02718693094004787,0.10032272121962027,0.08233319106656789,0.1717196354422732,-0.07607343586381499,-0.14073750835284615,-0.27115324806684904,-0.6665951912809778
-0.49929055469299144,-0.48968737444641053,-0.729963984814033,-0.17950787735354445,-0.04073628640900617,-0.12725814122558743,0.0724942067320804,-0.053215880830095985,-0.08710047623189443,-0.12017620266646756,0.014496032915181312,0.019008947256633046,-0.16078149569062483,-0.025942516643708613,-0.21448182462198395,-0.1926780646805476,0.025558801216625238,-0.13082311259806223,-0.07611089419122319,0.07130436864700296,-0.20794809090442234,0.08520759436556058,-0.010254497615774238,-0.38197446408414504,0.017185267179845587,0.25784623953128505,-0.03576137852190209,-0.3318054814519531,-0.031410373718471885,-0.20302462204696758,-0.17199072786052005,0.003761149499419858,-0.1266642739045779,-0.2933287580914027,-0.05970623217998661,-0.07085230264190412,0.10024061269746709,-0.5177465686400813,-0.16936661355474003,-0.21957282278741463,0.012167968430927267,0.18244432780192232,-0.0737764374048323,0.3700184341156998,-0.008112824652259487,0.2084211808478349,-0.10679514973278426,-0.10785196599496139,-0.057618466802353385,-0.18841782040010657,0.30851357031458493,-0.1545281881850583,0.10575268948535443,-0.4597579415247024
-0.4793129771379542,-0.3700563853741544,-0.8057452068084885,-0.22398302177891471,-0.11078194502026728,-0.019509939551290767,-0.0364775356905469,0.028874118968078122,-0.17516518155113436,0.08813449461044787,0.08150041284748544,-0.14656310489039526,0.025508490607329293,-0.017651989023331094,-0.18389905229118853,0.10778111490097952,-0.16228891541043777,0.006043613533797343,0.04757605581567237,-0.06492965955524022,0.06832507604370086,-0.20300929930901412,-0.13441093357562495,-0.18214569045538875,-0.14175430075215545,-0.02205911555610618,-0.18526479374131566,-0.3062542974268402,-0.09505097790117434,-0.04292034212215734,-0.19735653412783805,0.06864051956235451,0.09878519883068382,-0.14606166437252854,0.211168928945487,-0.2997563506981985,0.03879397802679896,0.09425227330966446,-0.0607474992274698,-0.45538609193261004,0.036769318205074564,0.060503378462874124,-0.042396415256492626,-0.3391775834934211,-0.2456967416407666,0.06330805227601788,-0.5406844331160433,-0.1876555322079434,0.03340541214520343,0.13885167758372652,-0.11702233735985867,-0.2886922444387138,-0.058733497512464594,-0.8051322752472966
-0.363400678929485,-0.2799835289737884,-0.8846824937693722,-0.250552463040534,-0.07796890158955483,0.10421812947607911,-0.1889724204113119,0.03290948486109557,-0.1769409851204784,-0.052465851720112866,-0.24165065428150456,0.042372879279177544,-0.028054026801396792,-0.14764301597334317,0.0620061762914883,0.06961028462960206,0.0277843279912644,-0.38405739036899456,-0.07731223467479009,-0.17791163524319942,-0.15892464181408728,-0.015376608006352432,-0.07406638074210559,-0.11851857692261136,-0.18291618610784421,-0.1793671936008019,-0.16397407638178707,-0.11329402940983557,0.06352645995356365,0.1994225869321513,0.016668949374397446,0.0825083886898792,-0.23226045673227802,-0.06774611722351298,0.05154912668135192,0.1612061795479378,-0.0005869039859307534,0.1926653291463556,-0.013150794831274681,-0.22939250205783246,-0.13646818534941862,-0.21730243680980033,-0.10514636235118857,-0.07914065976365647,-0.18994759293196783,-0.15179045448726713,0.0335133657768103,0.03675209916318245,0.2596177286491914,0.39491239622000207,-0.35106226228776116,-0.2575580234979209,-0.138236920686455,-0.9199500713139896
-0.17618021315902865,-0.29297835512048553,-0.9163149887039366,-0.23485491422270188,0.07818210588371333,0.12425107413968028,-0.36332541123404505,0.0764236271539922,-0.155469883382105,-0.017176794668870676,0.19132289792899204,0.016364490703662193,-0.1893615762326274,0.06303387719460396,-0.008985516616910272,-0.1501420298389029,0.21508902109850303,-0.0030331717827964955,0.08796723911802307,0.13833616375454705,-0.06121625292458377,0.05871087695818944,-0.030998005027070064,-0.15011918237585453,-0.2573494456462372,-0.08408404419950588,-0.10772339276070242,0.09689575165076181,0.0471044524813895,0.01250560990105054,0.27378559184912565,0.04127118859259982,-0.4476040849548878,-0.16201165285460872,-0.07888411424570929,-0.09067115658713643,-0.09067688319710832,-0.06226014051757922,-0.13565211849796743,0.062029020971327675,-0.15874351570973644,0.004743778987315261,-0.2732572707437624,-0.024650138375389874,0.08838424569489489,0.12009806198218098,0.23657547443539628,0.03911872741045874,-0.17703672693869854,-0.24993162423321713,0.15242481362869964,-0.08188418991110036,-0.3570996583805105,-0.9028631721988285
-0.05237247143380164,-0.34396435370079004,-0.8790100362483941,-0.24540497597049638,0.16754025303362297,-0.05455801344121247,-0.3148072871267319,0.08672792264269602,0.05452740377794929,0.03216887419329062,-0.08090089639224884,-0.2155706152836253,0.0486195306574404,-0.02768626958727538,-0.22878431998676785,-0.06521317222980882,-0.08306605400967071,0.08445123678717548,-0.2431535966332946,-0.10637903993871789,-0.07803499941738257,-0.05490547469832119,0.0027587323992510626,-0.16966454531672592,-0.1397168581865853,-0.04232867206218027,-0.12055150674135529,0.004381508448079829,-0.11091595977657331,-0.2900067925469131,0.1597523588408265,-0.11263699223041601,-0.26849487510606984,-0.00752357776151924,-0.2890190832793903,-0.1612891770473942,-0.12400981067583805,0.10689599366845215,-0.04017346492469476,0.01671575152659277,-0.09868160566557715,0.04727535621040113,0.01782494709501803,-0.2345851164413365,0.13501114394613678,-0.04596318255925014,-0.14797801892004903,0.027532190491551978,-0.017368513113938278,-0.3279357694801307,-0.15915215491197543,-0.06010199368389901,0.004158657614762973,-0.9107485212006204
0.04798731106704501,-0.45696726470723237,-0.8051183246325935,-0.24686070603610666,0.06565751274587672,-0.20800748908190103,-0.26382126812481177,-0.02209244966927959,0.12009285622024812,-0.04663555330182323,-0.03474735732071266,0.16882059237523994,0.05826019573247043,-0.07620236228749,-0.04531237281432998,0.05307373737858634,-0.2673946592523767,-0.1923286848159006,0.07160256155047251,0.04412423852277847,-0.3278587734747942,-0.03602594412335247,0.005888866151555927,-0.15427008826855082,-0.19982971213546108,0.044695824665256456,-0.05243789276203803,0.038910759811136675,-0.09311904120962611,-0.15940519823941568,0.01743521093213496,-0.12295617196511466,0.04584872035977838,-0.06753910512696393,-0.34196001617367267,0.08334124538747911,-0.08933883513921248,0.07432280571367955,-0.18452098765177272,-0.13905294728785655,-0.0545406179752157,-0.17757679256260617,-0.025278216900622374,-0.0017075136964531668,-0.05841935661884601,-0.1735641664761055,0.20024189057067043,0.09190355612143652,0.06164868956991909,-0.304824803041706,-0.22138660742491234,0.01684389810762421,-0.15248947168366322,-0.9002031020844397
0.05870841786917391,-0.5836047690500965,-0.7032122864318556,-0.24900653668570727,-0.13442072016050055,-0.17822718733553122,-0.17811332163973004,-0.0997393020585311,0.08533954708991498,0.021225456831168943,0.09092257387635727,-0.07773182347751895,-0.23516086181984786,-0.07155908304774539,-0.006947314664440207,-0.1989176276014779,-0.13280047080788582,-0.301239143370164,-0.07824511212413399,0.14571324919199102,0.153038162473488,0.05221347115775199,-0.05553096406076263,-0.029859042267285973,-0.12293006543892893,0.014726332729151137,-0.057397185077161184,-0.07362784068682393,0.08670773358190909,0.08038826594144899,-0.10942021863296625,0.007209881096259085,0.07277105627957581,-0.02335561479570314,-0.24709091200216915,0.02696184807458679,0.05318386498860783,-0.05394925658731464,-0.2605041357308904,-0.07821921125427123,-0.12149704800193717,0.1068107101586182,-0.24833710809076115,-0.05008390845814825,-0.13515879633546968,-0.2390715179040276,0.01016518214687201,-0.03329218124994637,-0.25033687441190944,-0.30858217446864655,-0.04846354941609954,-0.07153156805468142,-0.23026820947002957,-0.8687209944156314
-0.0018401266692993357,-0.6838738433109652,-0.6088306203890974,-0.24823723414159105,-0.22596764808882308,0.021512044461601487,-0.14190592668813418,-0.1079286874629033,0.02115578217889147,-0.03396477188603453,-0.09959555356255101,-0.15622509344206736,0.06148147147335248,0.11325577246195784,-0.21881602394643274,-0.12050826874939069,-0.04815317074811731,-0.0165570909210202,0.02685544005416496,-0.2521282566524168,-0.1472114738410184,0.13842892687161434,-0.06092003089799958,-0.0669695461994857,0.00581318389823493,-0.14529560031493105,-0.230997261313713,-0.16430906606428475,0.09953530178562486,0.18911029290408732,-0.17044696939034643,-0.12283557411017942,-0.16693272511271962,0.011690753236301088,-0.13946737512062712,-0.07086853069620835,0.10432312064145255,-0.08305699999102067,-0.06027001136405219,-0.13482304017802027,-0.10147212924357984,0.14663138251561758,0.05447591464437429,-0.10772330301795574,-0.16779868499016226,-0.33358106355109385,-0.013704949786558118,-0.01565250606872426,-0.02232531316108255,-0.04461668283246678,-0.1758243255041183,-0.32261280298054473,0.29705464645686064,-0.8909422636327111
-0.10964418348244631,-0.7423125442980045,-0.5406597908082353,-0.2266455414226335,-0.11483521826858178,0.20007013657647055,-0.16299183890157964,-0.1265404195312253,-0.04344342906964105,0.006990437237706759,0.0820009869538576,0.11647668698565106,0.1020032962277948,-0.16188802130256186,-0.13548875301022767,0.11287873362429934,-0.03806286817248705,-0.19912803939630808,-0.05361915331722922,0.13319370631397298,-0.14234137937586322,-0.11317124692773839,0.02575818241918104,-0.26749757661043927,0.08574777662698829,-0.23514485408333352,-0.1939870810222789,-0.14701003247069377,-0.0664067781852038,-0.0029354651316739755,-0.15319115880563772,-0.01887132185747664,-0.4133279930511661,-0.13303735531119998,-0.1982803767610405,0.038596033304801436,0.07654207603223284,-0.04095469025861409,0.03221509321209881,-0.20587180027297824,-0.07124979916690255,-0.1776084989612895,-0.09153525304589549,0.0728649109280235,-0.1972938576662363,-0.23141129757264767,0.04507531188808467,-0.08242657347938354,-0.16378998439371362,-0.05041328759892616,0.013201733153427764,-0.44155335821541397,-0.4281375469206359,-0.9164402016831169
-0.23980362533133448,-0.7500795643516834,-0.5007304209035994,-0.18759600152507883,0.11744281429984382,0.17138091188143578,-0.21225841865519823,-0.08991242472508565,-0.10372441988353853,0.017211575739390028,-0.115937193120353,-0.020544197882834903,-0.312207680060257,-0.08981808368535227,0.02659460583104245,-0.08929975423357406,-0.14156545836883605,-0.10779828450917972,0.009652973996902015,-0.07402514567504892,0.050096044885976854,-0.008848030406985896,0.12364229738247046,-0.33741908385790187,-0.144795579359983,-0.17944500203870728,-0.13925168669372912,-0.10038654953310522,-0.04668995734424286,-0.11911341024395516,0.030165630828429713,0.12800243287419266,-0.2882816250726399,-0.03208990524388422,-0.1493042247141585,-0.03747696950776669,-0.20185431588959057,-0.0532939396197365,0.006360988826474845,-0.16910491933894634,0.11827494777099634,0.030864039668734744,-0.3162482812221251,-0.14405136591775758,-0.15750050172038488,-0.10111406465763895,-0.10234449639636967,-0.050611088220894995,-0.006775970705955925,-0.13083003662146575,-0.0851072704534217,-0.22253973105192582,-0.28390863816321144,-0.8140610990042128
-0.36238479961306946,-0.700978951322676,-0.5029100654497765,-0.14323883409351124,0.21138004035993085,-0.024011694150968155,-0.29837431997148667,-0.0516714761207967,-0.15187220058130413,-0.07127982678927636,0.08283663199413382,-0.16357749783979214,0.04658001048544391,0.16651032798666532,-0.17196455264429011,-0.03793651778306728,0.07757487011147113,-0.32604226224329147,0.01845205979298603,-0.1684301358659437,-0.08017989980478402,0.01767464822460596,0.09800479864448808,-0.14916918564557613,-0.15682948619730464,-0.07584581435427395,-0.05110397255141874,-0.10530902136998999,-0.04739358302204533,-0.183956864560067,0.0861939062606345,-0.07958053373898744,-0.09876607733460263,0.08701431612085986,-0.1558112916403579,-0.039051058442034714,-0.20424991354768174,0.07063717809404824,-0.0029256984783290196,-0.13279927974907813,-0.013662062506855976,0.03952175720463513,-0.012742271419664664,-0.14784248606782702,0.08706817455548399,0.020439579166237065,0.06235217619542466,-0.032371589240800525,0.09718885540895528,0.11235571212398332,-0.1747342948017171,-0.07566403021311274,0.06904951984197427,-0.8429977606794602
-0.45745013598596107,-0.6043137581544527,-0.5394899640363595,-0.10629881890178683,0.09613963655034485,-0.20821101765005146,-0.37155868485316623,-0.00943627324784757,-0.07256683202226455,0.09254397599989317,-0.11412869912212431,0.06645726383943784,0.063988087753863,-0.26272307806719897,-0.15392928799188188,0.01983988325778885,0.12188108471481374,-0.045418454462325064,0.018455717101016456,0.050655372499577744,-0.07489129644803327,-0.020709623961936097,0.012828440463989788,-0.08952827874304159,-0.015740503773662762,0.027654658571992563,-0.06065416806658297,-0.1030847999153588,-0.06744798977794642,0.05112012935042154,0.07868840676382849,-0.11250675139916455,-0.023126319273455542,0.01983333714705493,-0.2669665211816401,0.1300229671282216,-0.05932569449377412,0.03978790128055065,-0.1429969395992866,-0.11989089799373476,-0.18362704797026808,-0.16257599418260782,-0.08126185713309486,-0.006781785863836931,0.11221109382417604,-0.06231054895135002,0.019349995771334116,0.09006701843040288,-0.14646757575003932,-0.1428231955824094,0.013593093385595445,-0.15516014243022103,-0.3034515234659626,-0.7626027738641985
-0.4825780733271273,-0.49123260594631346,-0.607109015250896,-0.06644690135598075,-0.09124822235365238,-0.21223415393568523,-0.43300483931931266,0.027157543333480083,-0.04289023629017763,-0.10242993393953304,-0.003645505259993631,0.08377283865448715,-0.27561350875397383,0.06305228556054598,0.026318746174369245,-0.0082297008097999,-0.13878109333607047,0.0086540610677881,-0.1366667314099559,-0.0531960833138686,-0.09202387201667528,-0.09619128944418309,-0.05198078294114361,-0.20163966645662734,-0.11482976830836888,0.07303347084143619,-0.23079777355980235,0.009453696680686186,-0.03761670817410456,0.1193832039138536,0.017709033881824654,-0.01753347472099054,-0.07460341555775318,0.024908481050570197,-0.16771456359770787,-0.032375843145847294,0.11503883339190368,-0.16301069481800767,-0.2648635170170669,-0.08256301529025034,-0.1894738162252404,0.08137290917016915,-0.17974565637535456,-0.07923064968209748,0.04681386432036527,-0.13367667589961174,-0.034769472288392,-0.024075427746552136,0.11005243171526424,-0.2011762379753822,-0.08660668128679483,-0.11830584677753786,0.03829707471211985,-0.6974646527867396
-0.43979834292351005,-0.38786736843536285,-0.6889416032348672,-0.025672523178981943,-0.21531373890216976,-0.04767631389181337,-0.43010871442698406,0.0014262331588128507,-0.00807670032835639,0.05579358224253861,0.1273973826857422,-0.2827701856152792,0.0391789874411379,0.0026592953296511457,-0.10817269241029293,-0.13467116879980945,-0.11161368298531216,-0.275106936810913,-0.01453357660520227,0.03894200700718087,-0.24105092386958316,0.0283272771519536,-0.03966252652033131,-0.215877650419811,-0.3362435566160843,-0.061845332614630766,-0.2526655429599768,0.030674328746929325,0.0005860914076925017,-0.056491154048409875,-0.1293153884425251,-0.08403834376823716,-0.1897384194088122,-0.013819229288941082,-0.07607331568343867,-0.10373149158884554,0.17810428808747192,0.001700564921413017,-0.1590188058643247,-0.15357936023977403,-0.13526905557101632,0.10421362683136826,0.0719006937789688,-0.03521875302432931,-0.17419073596804602,-0.08288866379459936,0.0719465699531503,-0.13166965683828724,-0.08372373429716207,-0.10790536813089602,-0.2012489517367908,-0.3399879602704994,0.07872879922590115,-0.854400884423906
-0.3315715764887257,-0.3212086977744505,-0.7671081532667903,0.01552504366788554,-0.1621038626304152,0.15247459882490566,-0.38024498194091993,-0.08222715526114632,0.05780290118566844,-0.019927763054036762,-0.23865793113598022,0.11575390901754434,0.1324588732578431,-0.08227413704928377,-0.14178733519869802,-0.05904704570114805,-0.06113149017399544,-0.06923400547326419,0.02573831912146396,0.03836372010414646,0.09595376277939027,0.08780953613600606,-0.08263415431166632,-0.056280917728925295,-0.2531130882400219,-0.13323277077475792,0.02852849369218391,-0.023395057488591164,-0.007410887491471674,-0.14175115810319483,-0.07831621652289644,-0.012626975317648004,-0.32355745426972493,-0.1274091290660534,-0.14810452700222665,0.11303499837990194,0.0607943840885663,0.03402474916717346,-0.10498155024116484,-0.2288889470568649,-0.054689054151297434,-0.1162435184177234,-0.07342062073881206,-0.012112263161030423,-0.2939761143879781,-0.138879660610287,-0.0780792136072127,0.05226533965853308,-0.0866700480567657,-0.17746021217714691,-0.035379564674909325,-0.4624321282494712,-0.18739876222033636,-0.935495473631808
